00000000000000000000000000000000000000000000000000000000000000000000000000000001100001101010000000000000000000011000011010100000
00000000000000011000011010100000000000000000000110000110101000000000000000000000000000000000000000000000000000000000000000000000
00000000000000000000000000000000000000000000000110000110101000000000000000000001100001101010000000000000000000011000011010100000
00000000000000011000011010100000000000000000000000000000000000000000000000000000000000000000000000000000000000000000000000000000
00000000000000011000011010100000000000000000000110000110101000000000000000000000000000000000000000000000000000011000011010100000
00000000000000000000000000000000000000000000000000000000000000000000000000000001100001101010000000000000000000000000000000000000
00000000000000000000000000000000000000000000000000000000000000000000000000000000000000000000000000000000000000011000011010100000
00000000000000011000011010100000000000000000000110000110101000000000000000000001100001101010000000000000000000000000000000000000
00000000000000000000000000000000000000000000000110000110101000000000000000000000000000000000000000000000000000000000000000000000
00000000000000011000011010100000000000000000000000000000000000000000000000000001100001101010000000000000000000011000011010100000
