00000000000000000001001110001000000000000000000000010011100010000000000000000000000000000000000000000000000000000000000000000000
00000000000000000001001110001000000000000000000000000000000000000000000000000000000000000000000000000000000000000000000000000000
00000000000000000000000000000000000000000000000000010011100010000000000000000000000000000000000000000000000000000000000000000000
00000000000000000000000000000000000000000000000000000000000000000000000000000000000100111000100000000000000000000001001110001000
00000000000000000000000000000000000000000000000000000000000000000000000000000000000000000000000000000000000000000001001110001000
00000000000000000000000000000000000000000000000000000000000000000000000000000000000100111000100000000000000000000000000000000000
00000000000000000000000000000000100000000000000000010011100010000000000000000000000000000000000000000000000000000000000000000000
00000000000000000001001110001000100000000000000000010011100010000000000000000000000000000000000000000000000000000000000000000000
00000000000000000000000000000000000000000000000000001001110001000000000000000000000000000000000000000000000000000000000000000000
10000000000000000001001110001000000000000000000000010011100010000000000000000000000000000000000000000000000000000000000000000000
