00000000000000000001001110001000000000000000000000010011100010000000000000000000000000000000000000000000000000000000000000000000
00000000000000000001001110001000000000000000000000000000000000000000000000000000000000000000000000000000000000000000000000000000
00000000000000000000000000000000000000000000000000010011100010000000000000000000000000000000000000000000000000000000000000000000
00000000000000000000000000000000000000000000000000000000000000000000000000000000000100111000100000000000000000000001001110001000
00000000000000000000000000000000000000000000000000000000000000000000000000000000000000000000000000000000000000000001001110001000
00000000000000000000000000000000000000000000000000000000000000000000000000000000000100111000100000000000000000000000000000000000
00000000000000000000000000000000100000000000000000010011100010000000000000000000000000000000000000000000000000000000000000000000
00000000000000000001001110001000100000000000000000010011100010000000000000000000000000000000000000000000000000000000000000000000
00000000000000000000000000000000000000000000000000001001110001000000000000000000000000000000000000000000000000000000000000000000
10000000000000000001001110001000000000000000000000010011100010000000000000000000000000000000000000000000000000000000000000000000
00000000000000000000000000000000000000000000000000000000000000000000000000000000000100111000100010000000000000000001001110001000
00000000000000000000000000000000100000000000000000001001110001000000000000000000000000000000000000000000000000000000000000000000
00000000000000000000100111000100000000000000000000010011100010000000000000000000000000000000000000000000000000000000000000000000
10000000000000000001001110001000000000000000000000000000000000000000000000000000000000000000000000000000000000000000000000000000
10000000000000000000100111000100000000000000000000000000000000000000000000000000000000000000000000000000000000000000000000000000
00000000000000000000000000000000100000000000000000000100111000010000000000000000000000000000000000000000000000000000000000000000
00000000000000000001001110001000100000000000000000001001110001000000000000000000000000000000000000000000000000000000000000000000
00000000000000000001001110001000000000000000000000000000000000000000000000000000000000000000000000000000000000000001001110001000
00000000000000000000000000000000000000000000000000000100111000010000000000000000000000000000000000000000000000000000000000000000
10000000000000000000010011100001000000000000000000000000000000000000000000000000000000000000000000000000000000000000000000000000
00000000000000000001001110001000000000000000000000000100111000010000000000000000000000000000000000000000000000000000000000000000
10000000000000000000100111000100000000000000000000010011100010000000000000000000000000000000000000000000000000000000000000000000
10000000000000000001001110001000100000000000000000010011100010000000000000000000000000000000000000000000000000000000000000000000
00000000000000000000000000000000000000000000000000000000000000000000000000000000000000000000000010000000000000000001001110001000
00000000000000000000000000000000000000000000000000000000000000001000000000000000000100111000100000000000000000000001001110001000
00000000000000000000000000000000000000000000000000000000000000001000000000000000000010011100010000000000000000000000000000000000
00000000000000000000100111000100000000000000000000000000000000000000000000000000000000000000000000000000000000000000000000000000
00000000000000000000000000000000100000000000000000000010011100010000000000000000000000000000000000000000000000000000000000000000
00000000000000000000000000000000000000000000000000000010011100010000000000000000000000000000000000000000000000000000000000000000
00000000000000000000000000000000000000000000000000001110101001100000000000000000000000000000000000000000000000000000000000000000
00000000000000000000010011100001000000000000000000011101010011000000000000000000000000000000000000000000000000000000000000000000
10000000000000000000100111000100100000000000000000001001110001000000000000000000000000000000000000000000000000000000000000000000
00000000000000000000100111000100100000000000000000011101010011000000000000000000000000000000000000000000000000000000000000000000
10000000000000000000010011100010000000000000000000000000000000000000000000000000000000000000000000000000000000000000000000000000
00000000000000000010001000101110000000000000000000010011100010000000000000000000000000000000000000000000000000000000000000000000
00000000000000000000000000000000000000000000000000000000000000000000000000000000000010011100010000000000000000000001001110001000
00000000000000000000000000000000000000000000000000000000000000001000000000000000000000100111000100000000000000000000000000000000
00000000000000000000000000000000100000000000000000011101010011000000000000000000000000000000000000000000000000000000000000000000
00000000000000000001001110001000100000000000000000000100111000010000000000000000000000000000000000000000000000000000000000000000
00000000000000000001001110001000000000000000000000011101010011000000000000000000000000000000000000000000000000000000000000000000
00000000000000000000100111000100100000000000000000010011100010000000000000000000000000000000000000000000000000000000000000000000
00000000000000000000000000000000000000000000000000000000000000000000000000000000000100111000100010000000000000000000100111000100
00000000000000000000000000000000000000000000000000000000000000000000000000000000000000000000000000000000000000000000100111000100
00000000000000000000000000000000100000000000000000000100111000100000000000000000000000000000000000000000000000000000000000000000
00000000000000000000000000000000000000000000000000001101000001010000000000000000000000000000000000000000000000000000000000000000
00000000000000000001001110001000000000000000000000000000000000000000000000000000000000000000000010000000000000000000100111000100
00000000000000000001000110110100000000000000000000000000000000000000000000000000000000000000000000000000000000000000000000000000
00000000000000000000000000000000000000000000000000010110111100000000000000000000000000000000000000000000000000000000000000000000
10000000000000000001110101001100000000000000000000000000000000000000000000000000000000000000000000000000000000000000000000000000
00000000000000000000000000000000000000000000000000000000000000000000000000000000000001001110000100000000000000000001001110001000
00000000000000000000000000000000000000000000000000000000000000000000000000000000000111010100110000000000000000000000000000000000
00000000000000000000010011100001000000000000000000000000000000000000000000000000000000000000000000000000000000000000000000000000
10000000000000000000000100111000000000000000000000000000000000000000000000000000000000000000000000000000000000000000000000000000
00000000000000000000000100111000000000000000000000000000000000000000000000000000000000000000000000000000000000000000000000000000
00000000000000000000010011100001000000000000000000010011100010000000000000000000000000000000000000000000000000000000000000000000
00000000000000000000000000000000000000000000000000000000000000000000000000000000000000000000000010000000000000000000100111000100
00000000000000000000010011100001000000000000000000001001110001000000000000000000000000000000000000000000000000000000000000000000
00000000000000000010001000101110000000000000000000000100111000100000000000000000000000000000000000000000000000000000000000000000
00000000000000000000000000000000000000000000000000000000000000000000000000000000000011010000010100000000000000000000000000000000
00000000000000000000000000000000000000000000000000000000000000001000000000000000000100111000100000000000000000000000000000000000
00000000000000000001001110001000100000000000000000001010101011010000000000000000000000000000000000000000000000000000000000000000
00000000000000000000000000000000000000000000000000000000000000001000000000000000000001001110000110000000000000000001001110001000
