55 54
5000 0 0
5000 0 1
5000 2 0
5000 2 2
5000 2 3
5000 2 4
5000 2 5
5000 2 6
-5000 4 6
5000 4 8
5000 6 8
5000 8 8
5000 8 9
5000 10 8
5000 12 7
5000 14 6
5000 14 7
5000 16 6
5000 18 5
5000 18 6
5000 20 5
5000 20 6
5000 22 5
-5000 24 4
5000 24 6
5000 26 5
5000 28 4
5000 28 5
5000 30 4
-5000 32 3
-5000 32 4
5000 34 3
5000 34 4
5000 36 3
5000 38 2
5000 38 3
5000 40 2
5000 40 3
5000 42 2
5000 44 1
5000 46 0
5000 46 1
10000 48 0
5000 48 1
5000 48 3
5000 51 1
5000 51 2
5000 51 3
5000 51 4
5000 51 5
5000 51 6
5000 51 7
5000 51 9
5000 53 8
5000 53 9
100000 1 0
100000 1 1
100000 3 6
100000 3 7
100000 5 7
100000 5 8
100000 7 8
100000 7 9
100000 9 8
100000 9 9
100000 11 7
100000 11 8
100000 13 6
100000 13 7
100000 15 6
100000 15 7
100000 17 5
100000 17 6
100000 19 5
100000 19 6
100000 21 5
100000 21 6
100000 23 4
100000 23 5
100000 25 5
100000 25 6
100000 27 4
100000 27 5
100000 29 4
100000 29 5
100000 31 3
100000 31 4
100000 33 3
100000 33 4
100000 35 3
100000 35 4
100000 37 2
100000 37 3
100000 39 2
100000 39 3
100000 41 2
100000 41 3
100000 43 1
100000 43 2
100000 45 0
100000 45 1
100000 47 0
100000 47 1
100000 49 2
100000 49 3
100000 50 1
100000 50 2
100000 52 8
100000 52 9
