113 104
5000 0 0
5000 0 1
5000 0 2
5000 0 3
5000 0 4
5000 0 5
5000 0 6
5000 0 7
5000 0 8
5000 0 9
5000 0 10
5000 0 11
5000 0 12
5000 0 13
5000 0 14
-5000 2 14
5000 2 16
5000 4 16
5000 6 16
5000 6 17
5000 8 16
5000 10 15
5000 12 14
5000 12 15
5000 14 14
-5000 16 13
-5000 16 14
5000 18 13
5000 18 14
5000 20 13
5000 22 12
5000 22 13
5000 24 12
5000 24 13
5000 26 12
-5000 28 11
5000 28 13
5000 30 12
5000 32 11
5000 32 12
5000 34 11
-5000 36 10
-5000 36 11
5000 38 10
5000 38 11
5000 40 10
5000 42 10
5000 42 11
5000 42 12
5000 42 13
5000 42 14
5000 42 15
5000 42 17
5000 44 9
5000 44 16
5000 44 17
5000 46 9
5000 46 10
5000 48 9
5000 48 10
-5000 50 8
5000 51 9
5000 51 10
5000 53 8
5000 53 9
5000 55 8
-5000 57 7
-5000 57 8
5000 59 7
5000 59 8
5000 61 7
-5000 63 6
-5000 63 7
5000 65 6
5000 65 7
5000 67 6
-5000 69 5
-5000 69 6
5000 71 5
5000 71 6
5000 73 5
-5000 75 4
-5000 75 5
5000 77 4
5000 77 5
5000 79 4
5000 81 3
5000 81 4
5000 83 3
5000 83 4
5000 85 3
-5000 87 2
5000 87 4
5000 89 3
5000 91 2
5000 91 3
5000 93 2
5000 95 1
5000 95 2
5000 97 1
5000 97 2
5000 99 1
5000 101 0
5000 101 2
5000 103 1
5000 103 2
5000 103 3
5000 103 4
5000 103 5
5000 103 6
5000 103 7
5000 103 8
5000 103 9
100000 1 14
100000 1 15
100000 3 15
100000 3 16
100000 5 16
100000 5 17
100000 7 16
100000 7 17
100000 9 15
100000 9 16
100000 11 14
100000 11 15
100000 13 14
100000 13 15
100000 15 13
100000 15 14
100000 17 13
100000 17 14
100000 19 13
100000 19 14
100000 21 12
100000 21 13
100000 23 12
100000 23 13
100000 25 12
100000 25 13
100000 27 11
100000 27 12
100000 29 12
100000 29 13
100000 31 11
100000 31 12
100000 33 11
100000 33 12
100000 35 10
100000 35 11
100000 37 10
100000 37 11
100000 39 10
100000 39 11
100000 41 9
100000 41 10
100000 43 16
100000 43 17
100000 45 9
100000 45 10
100000 47 9
100000 47 10
100000 49 8
100000 49 9
100000 50 9
100000 50 10
100000 52 8
100000 52 9
100000 54 8
100000 54 9
100000 56 7
100000 56 8
100000 58 7
100000 58 8
100000 60 7
100000 60 8
100000 62 6
100000 62 7
100000 64 6
100000 64 7
100000 66 6
100000 66 7
100000 68 5
100000 68 6
100000 70 5
100000 70 6
100000 72 5
100000 72 6
100000 74 4
100000 74 5
100000 76 4
100000 76 5
100000 78 4
100000 78 5
100000 80 3
100000 80 4
100000 82 3
100000 82 4
100000 84 3
100000 84 4
100000 86 2
100000 86 3
100000 88 3
100000 88 4
100000 90 2
100000 90 3
100000 92 2
100000 92 3
100000 94 1
100000 94 2
100000 96 1
100000 96 2
100000 98 1
100000 98 2
100000 100 0
100000 100 1
100000 102 1
100000 102 2
