78 78
5000 0 0
5000 0 1
5000 2 0
5000 3 1
5000 5 0
5000 5 1
10000 7 0
5000 7 1
5000 9 1
5000 9 2
5000 11 2
5000 11 3
10000 13 2
5000 13 3
5000 13 4
5000 15 3
5000 17 3
5000 17 4
5000 19 3
5000 19 4
10000 21 3
-5000 21 4
5000 21 5
5000 23 4
5000 23 5
5000 25 4
5000 25 5
-5000 27 5
5000 27 6
5000 29 5
5000 29 6
5000 31 5
5000 31 6
-5000 33 6
5000 33 7
5000 35 6
5000 35 7
5000 37 6
5000 37 7
-5000 39 7
5000 39 8
5000 41 7
5000 41 8
5000 43 7
5000 43 8
-5000 45 8
5000 45 9
5000 47 8
5000 47 9
5000 49 8
5000 49 9
5000 51 9
5000 53 9
5000 53 10
10000 55 9
5000 55 10
5000 55 11
5000 57 10
5000 59 10
5000 59 11
5000 61 10
5000 61 11
10000 63 10
-5000 63 11
5000 63 12
5000 65 11
5000 65 12
5000 67 11
5000 67 12
-5000 69 12
5000 69 13
-5000 71 12
5000 71 13
5000 73 12
5000 73 13
5000 73 14
5000 76 13
5000 76 14
100000 1 0
100000 1 1
100000 2 1
100000 2 2
100000 4 0
100000 4 1
100000 6 0
100000 6 1
100000 8 1
100000 8 2
100000 10 2
100000 10 3
100000 12 2
100000 12 3
100000 14 3
100000 14 4
100000 16 3
100000 16 4
100000 18 3
100000 18 4
100000 20 3
100000 20 4
100000 22 4
100000 22 5
100000 24 4
100000 24 5
100000 26 4
100000 26 5
100000 28 5
100000 28 6
100000 30 5
100000 30 6
100000 32 5
100000 32 6
100000 34 6
100000 34 7
100000 36 6
100000 36 7
100000 38 6
100000 38 7
100000 40 7
100000 40 8
100000 42 7
100000 42 8
100000 44 7
100000 44 8
100000 46 8
100000 46 9
100000 48 8
100000 48 9
100000 50 8
100000 50 9
100000 52 9
100000 52 10
100000 54 9
100000 54 10
100000 56 10
100000 56 11
100000 58 10
100000 58 11
100000 60 10
100000 60 11
100000 62 10
100000 62 11
100000 64 11
100000 64 12
100000 66 11
100000 66 12
100000 68 11
100000 68 12
100000 70 12
100000 70 13
100000 72 12
100000 72 13
100000 74 13
100000 74 14
100000 75 12
100000 75 13
