29 28
5000 0 0
5000 0 1
5000 2 1
5000 2 2
5000 4 2
5000 4 3
5000 6 3
5000 6 4
5000 8 4
5000 8 5
5000 10 5
5000 10 6
5000 12 6
5000 12 7
5000 14 7
5000 14 8
5000 16 8
5000 16 9
5000 18 9
5000 18 10
5000 20 10
5000 20 11
5000 22 11
5000 22 12
5000 24 12
5000 24 13
5000 26 13
5000 26 14
5000 28 14
100000 1 0
100000 1 1
100000 3 1
100000 3 2
100000 5 2
100000 5 3
100000 7 3
100000 7 4
100000 9 4
100000 9 5
100000 11 5
100000 11 6
100000 13 6
100000 13 7
100000 15 7
100000 15 8
100000 17 8
100000 17 9
100000 19 9
100000 19 10
100000 21 10
100000 21 11
100000 23 11
100000 23 12
100000 25 12
100000 25 13
100000 27 13
100000 27 14
