52 68
2500 0 0
5000 0 1
-5000 2 1
5000 4 1
5000 4 2
-5000 6 2
5000 8 2
5000 8 3
-5000 10 3
5000 12 3
5000 12 4
-5000 14 4
5000 16 4
5000 16 5
-5000 18 5
5000 20 5
5000 20 6
-5000 22 6
5000 24 6
5000 24 7
-5000 26 7
5000 28 7
5000 28 8
-5000 30 8
5000 32 8
5000 32 9
-5000 34 9
5000 36 9
5000 36 10
-5000 38 10
5000 40 10
5000 40 11
-5000 42 11
5000 44 11
5000 44 12
-5000 46 12
5000 48 12
5000 48 13
-5000 50 13
5000 52 13
5000 52 14
-5000 54 14
5000 56 14
5000 56 15
-5000 58 15
5000 60 15
5000 60 16
-5000 62 16
5000 64 16
5000 64 17
-5000 66 17
5000 68 17
100000 1 0
100000 1 1
100000 3 0
100000 3 1
100000 5 1
100000 5 2
100000 7 1
100000 7 2
100000 9 2
100000 9 3
100000 11 2
100000 11 3
100000 13 3
100000 13 4
100000 15 3
100000 15 4
100000 17 4
100000 17 5
100000 19 4
100000 19 5
100000 21 5
100000 21 6
100000 23 5
100000 23 6
100000 25 6
100000 25 7
100000 27 6
100000 27 7
100000 29 7
100000 29 8
100000 31 7
100000 31 8
100000 33 8
100000 33 9
100000 35 8
100000 35 9
100000 37 9
100000 37 10
100000 39 9
100000 39 10
100000 41 10
100000 41 11
100000 43 10
100000 43 11
100000 45 11
100000 45 12
100000 47 11
100000 47 12
100000 49 12
100000 49 13
100000 51 12
100000 51 13
100000 53 13
100000 53 14
100000 55 13
100000 55 14
100000 57 14
100000 57 15
100000 59 14
100000 59 15
100000 61 15
100000 61 16
100000 63 15
100000 63 16
100000 65 16
100000 65 17
100000 67 16
100000 67 17
