28 36
2500 0 0
5000 0 1
-5000 2 1
5000 4 1
5000 4 2
-5000 6 2
5000 8 2
5000 8 3
-5000 10 3
5000 12 3
5000 12 4
-5000 14 4
5000 16 4
5000 16 5
-5000 18 5
5000 20 5
5000 20 6
-5000 22 6
5000 24 6
5000 24 7
-5000 26 7
5000 28 7
5000 28 8
-5000 30 8
5000 32 8
5000 32 9
-5000 34 9
5000 36 9
100000 1 0
100000 1 1
100000 3 0
100000 3 1
100000 5 1
100000 5 2
100000 7 1
100000 7 2
100000 9 2
100000 9 3
100000 11 2
100000 11 3
100000 13 3
100000 13 4
100000 15 3
100000 15 4
100000 17 4
100000 17 5
100000 19 4
100000 19 5
100000 21 5
100000 21 6
100000 23 5
100000 23 6
100000 25 6
100000 25 7
100000 27 6
100000 27 7
100000 29 7
100000 29 8
100000 31 7
100000 31 8
100000 33 8
100000 33 9
100000 35 8
100000 35 9
