1442 1794
5000 0 0
5000 0 1
5000 0 2
5000 0 3
5000 0 4
5000 0 6
5000 0 8
5000 0 9
5000 0 11
5000 0 13
5000 0 15
5000 0 16
-2500 2 15
5000 2 17
-1249 4 17
2500 7 15
5000 7 16
5000 9 15
5000 9 16
5000 11 15
5000 11 16
5000 13 15
5000 15 14
5000 15 15
5000 17 14
-625 19 13
5000 19 15
5000 22 13
5000 22 14
5000 24 13
5000 24 14
5000 26 13
5000 26 14
5000 26 15
5000 26 16
1249 26 17
-2500 28 17
5000 30 16
5000 32 15
5000 32 16
5000 34 15
5000 34 16
5000 38 13
5000 40 12
5000 40 13
5000 42 12
-156 44 11
5000 44 13
5000 47 11
5000 47 12
5000 49 11
5000 49 12
5000 51 11
5000 51 12
5000 51 13
-1249 51 14
5000 53 14
5000 53 15
5000 55 14
5000 55 15
5000 57 14
5000 57 15
5000 57 16
5000 57 17
5000 59 16
5000 59 17
5000 61 16
5000 61 17
5000 65 14
5000 67 13
5000 67 14
5000 69 13
5000 72 11
5000 74 10
5000 74 11
5000 76 10
5000 77 11
5000 79 11
-312 79 12
5000 79 14
5000 82 12
5000 82 13
5000 84 12
5000 84 13
5000 86 12
5000 86 13
5000 86 14
-2500 86 15
2500 88 15
5000 88 16
5000 90 15
5000 90 16
5000 92 15
5000 92 16
5000 94 15
5000 96 14
5000 96 15
5000 98 14
5000 101 12
5000 103 11
5000 103 12
5000 105 11
5000 105 12
-625 105 13
5000 105 15
5000 108 13
5000 108 14
5000 110 13
5000 110 14
5000 112 13
5000 112 14
5000 112 15
5000 112 16
1249 112 17
-2500 114 17
5000 116 16
5000 118 15
5000 118 16
5000 120 15
5000 120 16
5000 124 13
-1249 124 14
5000 126 14
5000 126 15
5000 128 14
5000 128 15
5000 130 14
5000 130 15
5000 130 16
5000 130 17
5000 132 16
5000 132 17
5000 134 16
5000 134 17
5000 138 14
-2500 138 15
2500 140 15
5000 140 16
5000 142 15
5000 142 16
5000 144 15
5000 144 16
5000 146 15
5000 146 16
1249 146 17
-2500 148 17
-39 150 9
5000 150 16
5000 150 17
5000 152 9
5000 152 10
5000 154 9
5000 154 10
5000 156 10
5000 159 12
5000 161 12
5000 161 13
5000 163 9
5000 163 12
5000 163 13
-9 165 8
-78 166 10
5000 168 10
5000 168 11
5000 170 10
5000 170 11
5000 172 10
5000 172 11
5000 175 13
5000 177 13
5000 177 14
5000 179 13
5000 179 14
5000 180 8
5000 180 9
5000 182 8
5000 182 9
5000 184 8
5000 184 9
-156 187 11
5000 189 11
5000 189 12
5000 191 11
5000 191 12
5000 193 11
5000 193 12
5000 196 14
5000 198 14
5000 198 15
5000 200 14
5000 200 15
5000 201 8
5000 203 7
5000 203 8
5000 205 7
-4 207 6
5000 207 8
5000 210 6
5000 210 7
5000 212 6
5000 212 7
5000 214 6
5000 214 7
5000 214 8
-19 214 9
5000 216 9
5000 216 10
5000 218 9
5000 218 10
5000 220 10
-312 223 12
5000 225 12
5000 225 13
5000 227 12
5000 227 13
5000 229 12
5000 229 13
5000 232 15
5000 234 15
5000 234 16
5000 236 15
5000 236 16
5000 238 16
5000 240 16
5000 240 17
5000 242 16
5000 242 17
5000 244 9
1249 244 17
-39 246 10
5000 248 10
5000 248 11
5000 250 10
5000 250 11
5000 252 10
5000 252 11
5000 255 10
-78 255 11
5000 257 11
5000 257 12
5000 259 11
5000 259 12
5000 261 11
5000 261 12
-625 261 13
5000 263 13
5000 263 14
5000 265 13
5000 265 14
5000 267 13
5000 270 11
-156 270 12
5000 270 14
5000 274 12
5000 274 13
5000 276 12
5000 276 13
5000 278 12
5000 278 13
-1249 278 14
5000 280 14
5000 280 15
5000 282 14
5000 282 15
5000 284 14
5000 287 12
-312 287 13
5000 287 15
5000 291 13
5000 291 14
5000 293 13
5000 293 14
5000 295 13
5000 295 14
-2500 295 15
2500 297 15
5000 297 16
5000 299 15
5000 299 16
5000 301 15
5000 304 13
-625 304 14
5000 304 16
5000 307 14
5000 307 15
5000 309 14
5000 309 15
5000 311 14
5000 311 15
5000 311 16
-2500 313 17
5000 317 14
-1249 317 15
5000 319 15
5000 319 16
5000 321 15
5000 321 16
5000 323 15
5000 323 16
2500 323 17
5000 326 15
-2500 326 16
2500 328 16
5000 328 17
5000 330 16
5000 330 17
5000 332 16
5000 332 17
5000 334 9
5000 334 16
5000 336 8
5000 336 9
5000 338 8
5000 341 6
5000 343 5
5000 343 6
5000 345 5
-1 347 4
5000 347 6
5000 350 4
5000 350 5
5000 352 4
5000 352 5
5000 354 4
5000 356 5
5000 356 6
-9 356 7
5000 356 9
5000 359 7
5000 359 8
5000 361 7
5000 361 8
5000 363 7
5000 363 8
5000 363 9
5000 365 9
5000 365 10
5000 367 9
5000 367 10
5000 370 7
5000 372 6
5000 372 7
5000 374 6
5000 378 3
5000 378 4
5000 380 3
5000 380 4
5000 382 3
5000 384 4
-2 384 5
5000 384 7
5000 387 5
5000 387 6
5000 389 5
5000 389 6
5000 391 5
5000 395 2
5000 395 3
5000 397 2
5000 397 3
5000 399 2
5000 401 3
5000 401 6
5000 401 7
-19 401 8
5000 402 10
5000 404 10
5000 404 11
5000 406 10
5000 406 11
5000 407 8
5000 407 9
5000 409 8
5000 409 9
5000 411 8
5000 411 9
5000 414 11
5000 416 11
5000 416 12
5000 418 11
5000 418 12
5000 419 8
5000 421 7
5000 421 8
5000 423 7
5000 427 4
5000 427 5
5000 429 4
5000 429 5
5000 431 4
5000 435 1
5000 435 2
5000 437 1
5000 437 2
5000 439 1
5000 441 2
5000 441 5
-4 441 6
5000 441 8
5000 444 6
5000 444 7
5000 446 6
5000 446 7
5000 448 6
5000 452 3
5000 452 4
5000 454 3
5000 454 4
5000 456 3
5000 460 0
5000 460 1
5000 462 0
5000 462 1
5000 464 0
5000 464 1
5000 464 4
-1 464 5
5000 464 7
5000 464 8
-39 464 9
5000 466 9
5000 466 10
5000 468 9
5000 468 10
5000 470 10
5000 473 12
5000 475 12
5000 475 13
5000 477 9
5000 477 12
5000 477 13
-78 479 10
5000 481 10
5000 481 11
5000 483 10
5000 483 11
5000 485 10
5000 485 11
5000 488 10
-156 488 11
5000 490 11
5000 490 12
5000 492 11
5000 492 12
5000 494 11
5000 494 12
5000 494 13
5000 496 13
5000 496 14
5000 498 13
5000 501 11
-312 501 12
5000 501 14
5000 504 12
5000 504 13
5000 506 12
5000 506 13
5000 508 12
5000 508 13
5000 508 14
5000 510 14
5000 510 15
5000 512 14
5000 515 12
-625 515 13
5000 515 15
5000 518 13
5000 518 14
5000 520 13
5000 520 14
5000 522 13
5000 522 14
5000 522 15
5000 524 15
5000 524 16
5000 526 15
5000 529 13
-1249 529 14
5000 529 16
5000 532 14
5000 532 15
5000 534 14
5000 534 15
5000 536 14
5000 536 15
5000 536 16
5000 538 16
5000 538 17
5000 540 16
5000 540 17
5000 544 14
-2500 544 15
2500 546 15
5000 546 16
5000 548 15
5000 548 16
5000 550 15
5000 550 16
5000 552 15
5000 552 16
1249 552 17
-2500 554 17
5000 556 9
5000 556 16
2500 556 17
5000 558 8
5000 558 9
5000 560 8
5000 564 5
5000 564 6
5000 566 5
5000 566 6
5000 568 5
5000 572 2
5000 572 3
5000 574 2
5000 574 3
5000 576 2
5000 579 0
5000 579 3
5000 579 6
-9 579 7
5000 579 9
5000 582 7
5000 582 8
5000 584 7
5000 584 8
5000 586 7
5000 590 4
5000 590 5
5000 592 4
5000 592 5
5000 594 4
5000 598 1
5000 598 2
5000 600 1
5000 600 2
5000 602 1
5000 602 2
5000 602 5
-2 602 6
5000 602 8
5000 602 9
5000 604 9
5000 604 10
5000 606 9
5000 606 10
5000 610 6
5000 610 7
5000 612 6
5000 612 7
5000 614 6
5000 618 3
5000 618 4
5000 620 3
5000 620 4
5000 622 3
5000 625 1
5000 625 4
-1 625 5
5000 625 7
-19 625 8
5000 626 10
5000 628 10
5000 628 11
5000 630 10
5000 630 11
5000 631 8
5000 631 9
5000 633 8
5000 633 9
5000 635 8
5000 639 5
5000 639 6
5000 641 5
5000 641 6
5000 643 5
5000 647 2
5000 647 3
5000 649 2
5000 649 3
5000 651 2
5000 651 3
5000 651 6
-4 651 7
5000 651 9
5000 654 11
5000 656 11
5000 656 12
5000 658 11
5000 658 12
5000 660 7
5000 660 8
5000 662 7
5000 662 8
5000 664 7
5000 668 4
5000 668 5
5000 670 4
5000 670 5
5000 672 4
5000 675 2
5000 675 5
-2 675 6
5000 675 8
-39 675 9
5000 677 9
5000 677 10
5000 679 9
5000 679 10
5000 681 10
5000 684 12
5000 686 12
5000 686 13
5000 688 9
5000 688 12
5000 688 13
5000 692 6
5000 692 7
5000 694 6
5000 694 7
5000 696 6
5000 700 3
5000 700 4
5000 702 3
5000 702 4
5000 704 3
5000 704 4
-1 704 5
5000 704 7
-9 704 8
-78 705 10
5000 707 10
5000 707 11
5000 709 10
5000 709 11
5000 711 10
5000 711 11
5000 714 13
5000 716 13
5000 716 14
5000 718 13
5000 718 14
5000 719 8
5000 719 9
5000 721 8
5000 721 9
5000 723 8
5000 727 5
5000 727 6
5000 729 5
5000 729 6
5000 731 5
5000 734 3
5000 734 6
-4 734 7
5000 734 9
-156 737 11
5000 739 11
5000 739 12
5000 741 11
5000 741 12
5000 743 11
5000 743 12
5000 746 14
5000 748 14
5000 748 15
5000 750 14
5000 750 15
5000 752 7
5000 752 8
5000 754 7
5000 754 8
5000 756 7
5000 760 4
5000 760 5
5000 762 4
5000 762 5
5000 764 4
5000 764 5
-2 764 6
5000 764 8
-19 764 9
5000 766 9
5000 766 10
5000 768 9
5000 768 10
5000 770 10
-312 773 12
5000 775 12
5000 775 13
5000 777 12
5000 777 13
5000 779 12
5000 779 13
5000 782 15
5000 784 15
5000 784 16
5000 786 15
5000 786 16
5000 788 9
625 788 16
5000 792 6
5000 792 7
5000 794 6
5000 794 7
5000 796 6
5000 799 4
-1 799 5
5000 799 7
-9 799 8
-39 800 10
5000 802 10
5000 802 11
5000 804 10
5000 804 11
5000 806 10
5000 806 11
-625 809 13
5000 811 13
5000 811 14
5000 813 13
5000 813 14
5000 815 13
5000 815 14
5000 817 8
5000 817 9
5000 819 8
5000 819 9
5000 821 8
5000 825 5
5000 825 6
5000 827 5
5000 827 6
5000 829 5
5000 829 6
-4 829 7
5000 829 9
-78 832 11
5000 834 11
5000 834 12
5000 836 11
5000 836 12
5000 838 11
5000 838 12
-1249 841 14
5000 843 14
5000 843 15
5000 845 14
5000 845 15
5000 847 14
5000 847 15
5000 849 7
5000 849 8
5000 851 7
5000 851 8
5000 853 7
5000 856 5
-2 856 6
5000 856 8
-19 856 9
5000 858 9
5000 858 10
5000 860 9
5000 860 10
5000 862 10
-156 865 12
5000 867 12
5000 867 13
5000 869 12
5000 869 13
5000 871 12
5000 871 13
5000 874 15
5000 876 15
5000 876 16
5000 878 15
5000 878 16
5000 881 15
-2500 881 16
2500 883 16
5000 885 15
5000 885 16
5000 887 15
5000 887 16
5000 889 15
5000 889 16
-1249 891 16
1249 893 16
-2500 895 16
5000 897 15
2500 897 16
5000 897 17
5000 899 16
5000 899 17
5000 901 9
5000 901 16
5000 901 17
5000 905 6
5000 905 7
5000 907 6
5000 907 7
5000 909 6
5000 909 7
-9 909 8
-39 910 10
5000 912 10
5000 912 11
5000 914 10
5000 914 11
5000 916 10
5000 916 11
-312 919 13
5000 921 13
5000 921 14
5000 923 13
5000 923 14
5000 925 13
5000 925 14
5000 926 8
5000 926 9
5000 928 8
5000 928 9
5000 930 8
5000 933 6
-4 933 7
5000 933 9
-78 936 11
5000 938 11
5000 938 12
5000 940 11
5000 940 12
5000 942 11
5000 942 12
5000 945 14
5000 947 14
5000 947 15
5000 949 14
5000 949 15
-625 952 15
625 954 15
-1249 956 15
5000 958 14
5000 958 15
5000 958 16
5000 960 15
5000 960 16
5000 962 15
5000 962 16
5000 962 17
5000 965 7
5000 965 8
5000 967 7
5000 967 8
5000 969 7
5000 969 8
-19 969 9
5000 971 9
5000 971 10
5000 973 9
5000 973 10
5000 975 10
-156 978 12
5000 980 12
5000 980 13
5000 982 12
5000 982 13
5000 984 9
5000 984 12
5000 984 13
-9 987 8
-39 988 10
5000 990 10
5000 990 11
5000 992 10
5000 992 11
5000 994 10
5000 994 11
5000 997 13
5000 999 13
5000 999 14
5000 1001 13
5000 1001 14
-312 1004 14
312 1006 14
-625 1008 14
5000 1010 13
5000 1010 14
5000 1010 15
5000 1012 14
5000 1012 15
5000 1014 14
5000 1014 15
-2500 1014 16
5000 1016 16
5000 1017 8
5000 1017 9
5000 1019 8
5000 1019 9
5000 1021 8
5000 1021 9
-78 1024 11
5000 1026 11
5000 1026 12
5000 1028 11
5000 1028 12
5000 1030 11
5000 1030 12
5000 1031 8
-19 1031 9
5000 1033 9
5000 1033 10
5000 1035 9
5000 1035 10
5000 1037 10
5000 1040 12
5000 1042 12
5000 1042 13
5000 1044 12
5000 1044 13
-156 1047 13
156 1049 13
-312 1051 13
5000 1053 12
5000 1053 13
5000 1053 14
5000 1055 13
5000 1055 14
5000 1057 13
5000 1057 14
5000 1057 15
5000 1059 15
5000 1059 16
5000 1061 15
5000 1061 16
-1249 1064 16
1249 1066 16
-2500 1068 16
5000 1070 15
2500 1070 16
5000 1070 17
5000 1072 16
5000 1072 17
5000 1074 9
5000 1074 16
5000 1074 17
5000 1076 8
-39 1077 10
5000 1079 10
5000 1079 11
5000 1081 10
5000 1081 11
5000 1083 9
5000 1083 10
5000 1083 11
5000 1085 8
5000 1087 7
5000 1087 9
5000 1089 8
5000 1091 7
5000 1093 6
5000 1093 8
5000 1095 7
5000 1097 6
5000 1097 7
5000 1099 6
5000 1101 5
5000 1101 6
5000 1103 5
5000 1103 6
5000 1105 5
5000 1107 4
5000 1107 5
5000 1109 4
5000 1109 5
5000 1111 4
5000 1113 3
5000 1113 4
5000 1115 3
5000 1115 4
5000 1117 3
5000 1119 2
5000 1119 3
5000 1121 2
5000 1121 3
5000 1123 2
5000 1125 1
5000 1125 2
5000 1127 1
5000 1127 2
5000 1129 1
5000 1131 0
5000 1131 1
5000 1133 0
5000 1133 1
5000 1135 0
5000 1135 1
5000 1135 2
5000 1135 3
5000 1135 4
5000 1135 5
5000 1135 6
5000 1135 7
5000 1135 9
5000 1138 10
5000 1138 11
5000 1140 11
5000 1140 12
5000 1142 11
5000 1142 12
5000 1145 14
5000 1147 14
5000 1147 15
5000 1149 14
5000 1149 15
-625 1152 15
625 1154 15
-1249 1156 15
5000 1158 14
5000 1158 15
5000 1158 16
5000 1160 15
5000 1160 16
5000 1162 15
5000 1162 16
5000 1162 17
5000 1163 9
5000 1165 9
5000 1165 10
5000 1167 10
5000 1169 10
-78 1170 12
78 1172 12
-156 1174 12
5000 1176 11
5000 1178 10
5000 1178 11
5000 1180 10
5000 1180 11
5000 1180 12
5000 1180 13
5000 1182 12
5000 1182 13
5000 1184 12
5000 1186 11
5000 1186 13
5000 1188 12
5000 1190 11
5000 1190 12
5000 1190 13
5000 1192 13
5000 1192 14
5000 1194 13
5000 1194 14
-2500 1197 16
5000 1199 9
5000 1199 16
5000 1201 8
5000 1201 9
5000 1203 8
5000 1203 9
5000 1205 8
5000 1207 7
5000 1207 8
5000 1209 7
5000 1209 8
5000 1211 7
5000 1213 6
5000 1213 7
5000 1215 6
5000 1215 7
5000 1217 6
5000 1219 5
5000 1219 6
5000 1221 5
5000 1221 6
5000 1223 5
5000 1225 4
5000 1225 5
5000 1227 4
5000 1227 5
5000 1229 4
5000 1231 3
5000 1231 4
5000 1233 3
5000 1233 4
5000 1235 3
5000 1237 2
5000 1237 3
5000 1239 2
5000 1239 3
5000 1241 2
5000 1243 1
5000 1243 2
5000 1245 1
5000 1245 2
5000 1247 1
5000 1247 2
5000 1247 3
5000 1247 4
5000 1247 5
5000 1247 6
5000 1247 7
5000 1247 8
5000 1247 9
5000 1249 9
5000 1249 10
5000 1251 10
5000 1254 11
5000 1254 12
5000 1256 12
-312 1257 14
312 1259 14
-625 1261 14
5000 1263 13
5000 1265 12
5000 1265 13
5000 1267 12
5000 1267 13
5000 1267 14
5000 1267 15
5000 1269 14
5000 1269 15
5000 1271 14
5000 1273 13
5000 1273 15
5000 1275 14
5000 1277 13
5000 1277 14
5000 1279 13
5000 1279 14
5000 1279 15
5000 1281 15
5000 1281 16
5000 1283 15
5000 1285 14
5000 1285 16
-1249 1288 16
1249 1290 16
-2500 1292 16
5000 1294 15
5000 1296 14
5000 1296 15
5000 1298 14
5000 1298 15
2500 1298 16
5000 1300 15
5000 1300 16
5000 1302 15
5000 1302 16
5000 1304 15
5000 1304 16
5000 1306 16
5000 1306 17
5000 1308 16
5000 1308 17
5000 1310 9
5000 1310 16
5000 1312 10
5000 1314 10
5000 1314 11
5000 1317 11
5000 1317 12
5000 1319 11
5000 1319 12
5000 1321 11
5000 1321 12
5000 1323 12
5000 1323 13
5000 1325 12
5000 1325 13
5000 1327 12
5000 1327 13
5000 1329 13
5000 1329 14
5000 1331 13
5000 1331 14
5000 1333 13
5000 1333 14
5000 1335 14
5000 1335 15
5000 1337 14
5000 1337 15
5000 1339 14
5000 1339 15
5000 1341 15
5000 1341 16
5000 1343 15
5000 1343 16
5000 1345 9
5000 1345 15
5000 1347 8
5000 1347 9
5000 1349 8
5000 1349 9
5000 1351 8
5000 1353 7
5000 1353 8
5000 1355 7
5000 1355 8
5000 1357 7
5000 1359 6
5000 1359 7
5000 1361 6
5000 1361 7
5000 1363 6
5000 1365 5
5000 1365 6
5000 1367 5
5000 1367 6
5000 1369 5
5000 1371 4
5000 1371 5
5000 1373 4
5000 1373 5
5000 1375 4
5000 1377 3
5000 1377 4
5000 1379 3
5000 1379 4
5000 1381 3
5000 1383 2
5000 1383 3
5000 1385 2
5000 1385 3
5000 1387 2
5000 1387 3
5000 1387 4
5000 1387 5
5000 1387 6
5000 1387 7
5000 1389 7
5000 1389 8
5000 1391 7
5000 1391 8
5000 1393 8
5000 1393 9
5000 1395 9
5000 1395 10
5000 1397 9
5000 1397 10
5000 1399 10
5000 1401 10
5000 1401 11
5000 1403 10
5000 1403 11
5000 1405 10
5000 1407 10
5000 1407 11
5000 1409 11
5000 1409 12
5000 1411 11
5000 1411 12
5000 1413 11
5000 1413 12
5000 1415 12
5000 1415 13
5000 1417 12
5000 1417 13
5000 1419 12
5000 1419 13
5000 1421 13
5000 1421 14
5000 1423 13
5000 1423 14
5000 1425 13
5000 1425 14
5000 1427 14
5000 1427 15
5000 1429 14
5000 1429 15
5000 1431 9
5000 1431 14
5000 1433 9
5000 1433 10
5000 1435 9
5000 1437 8
5000 1437 9
5000 1439 8
5000 1439 9
5000 1441 8
5000 1443 7
5000 1443 8
5000 1445 7
5000 1445 8
5000 1447 7
5000 1449 6
5000 1449 7
5000 1451 6
5000 1451 7
5000 1453 6
5000 1455 5
5000 1455 6
5000 1457 5
5000 1457 6
5000 1459 5
5000 1461 4
5000 1461 5
5000 1463 4
5000 1463 5
5000 1465 4
5000 1467 3
5000 1467 4
5000 1469 3
5000 1469 4
5000 1471 3
5000 1471 4
5000 1471 5
5000 1471 6
5000 1473 6
5000 1473 7
5000 1475 6
5000 1475 7
5000 1477 6
5000 1479 5
5000 1479 6
5000 1481 5
5000 1481 6
5000 1483 5
5000 1485 4
5000 1485 5
5000 1487 4
5000 1487 5
5000 1489 4
5000 1489 5
5000 1489 6
5000 1489 7
5000 1491 7
5000 1491 8
5000 1493 7
5000 1493 8
5000 1495 8
5000 1495 9
5000 1497 9
5000 1497 10
5000 1499 9
5000 1499 10
5000 1501 10
5000 1503 10
5000 1503 11
5000 1505 10
5000 1505 11
5000 1507 11
5000 1509 11
5000 1509 12
5000 1511 11
5000 1511 12
5000 1513 11
5000 1515 10
5000 1515 11
5000 1517 10
5000 1517 11
5000 1519 10
5000 1521 10
5000 1521 11
5000 1521 12
5000 1523 12
5000 1523 13
5000 1525 12
5000 1525 13
5000 1527 12
5000 1529 11
5000 1529 12
5000 1531 11
5000 1531 12
5000 1533 9
5000 1533 11
5000 1535 9
5000 1535 10
5000 1537 9
5000 1539 8
5000 1539 9
5000 1541 8
5000 1541 9
5000 1543 8
5000 1545 7
5000 1545 8
5000 1547 7
5000 1547 8
5000 1549 7
5000 1551 6
5000 1551 7
5000 1553 6
5000 1553 7
5000 1555 6
5000 1557 5
5000 1557 6
5000 1559 5
5000 1559 6
5000 1561 5
5000 1561 6
5000 1561 7
5000 1561 8
5000 1561 9
5000 1563 9
5000 1563 10
5000 1565 9
5000 1565 10
5000 1567 10
5000 1569 10
5000 1569 11
5000 1571 10
5000 1571 11
5000 1573 10
5000 1575 10
5000 1575 11
5000 1577 11
5000 1577 12
5000 1579 11
5000 1579 12
5000 1581 11
5000 1581 12
5000 1583 12
5000 1583 13
5000 1585 12
5000 1585 13
5000 1587 12
5000 1587 13
5000 1589 13
5000 1589 14
5000 1591 13
5000 1591 14
5000 1593 9
5000 1593 13
5000 1595 9
5000 1595 10
5000 1597 9
5000 1599 8
5000 1599 9
5000 1601 8
5000 1601 9
5000 1603 8
5000 1605 7
5000 1605 8
5000 1607 7
5000 1607 8
5000 1609 7
5000 1611 6
5000 1611 7
5000 1613 6
5000 1613 7
5000 1615 6
100000 1 15
100000 1 16
100000 3 16
100000 3 17
100000 5 16
100000 5 17
100000 6 15
100000 6 16
100000 8 15
100000 8 16
100000 10 15
100000 10 16
100000 12 15
100000 12 16
100000 14 14
100000 14 15
100000 16 14
100000 16 15
100000 18 13
100000 18 14
100000 20 14
100000 20 15
100000 21 13
100000 21 14
100000 23 13
100000 23 14
100000 25 13
100000 25 14
100000 27 16
100000 27 17
100000 29 16
100000 29 17
100000 31 15
100000 31 16
100000 33 15
100000 33 16
100000 35 15
100000 35 16
100000 36 14
100000 36 15
100000 37 13
100000 37 14
100000 39 12
100000 39 13
100000 41 12
100000 41 13
100000 43 11
100000 43 12
100000 45 12
100000 45 13
100000 46 11
100000 46 12
100000 48 11
100000 48 12
100000 50 11
100000 50 12
100000 52 14
100000 52 15
100000 54 14
100000 54 15
100000 56 14
100000 56 15
100000 58 16
100000 58 17
100000 60 16
100000 60 17
100000 62 16
100000 62 17
100000 63 15
100000 63 16
100000 64 14
100000 64 15
100000 66 13
100000 66 14
100000 68 13
100000 68 14
100000 70 12
100000 70 13
100000 71 11
100000 71 12
100000 73 10
100000 73 11
100000 75 10
100000 75 11
100000 77 9
100000 77 10
100000 78 10
100000 78 11
100000 80 13
100000 80 14
100000 81 12
100000 81 13
100000 83 12
100000 83 13
100000 85 12
100000 85 13
100000 87 15
100000 87 16
100000 89 15
100000 89 16
100000 91 15
100000 91 16
100000 93 15
100000 93 16
100000 95 14
100000 95 15
100000 97 14
100000 97 15
100000 99 13
100000 99 14
100000 100 12
100000 100 13
100000 102 11
100000 102 12
100000 104 11
100000 104 12
100000 106 14
100000 106 15
100000 107 13
100000 107 14
100000 109 13
100000 109 14
100000 111 13
100000 111 14
100000 113 16
100000 113 17
100000 115 16
100000 115 17
100000 117 15
100000 117 16
100000 119 15
100000 119 16
100000 121 15
100000 121 16
100000 122 14
100000 122 15
100000 123 13
100000 123 14
100000 125 14
100000 125 15
100000 127 14
100000 127 15
100000 129 14
100000 129 15
100000 131 16
100000 131 17
100000 133 16
100000 133 17
100000 135 16
100000 135 17
100000 136 15
100000 136 16
100000 137 14
100000 137 15
100000 139 15
100000 139 16
100000 141 15
100000 141 16
100000 143 15
100000 143 16
100000 145 15
100000 145 16
100000 147 16
100000 147 17
100000 149 16
100000 149 17
100000 151 9
100000 151 10
100000 153 9
100000 153 10
100000 155 9
100000 155 10
100000 157 10
100000 157 11
100000 158 11
100000 158 12
100000 160 12
100000 160 13
100000 162 12
100000 162 13
100000 164 8
100000 164 9
100000 165 9
100000 165 10
100000 167 10
100000 167 11
100000 169 10
100000 169 11
100000 171 10
100000 171 11
100000 173 11
100000 173 12
100000 174 12
100000 174 13
100000 176 13
100000 176 14
100000 178 13
100000 178 14
100000 179 8
100000 179 9
100000 181 8
100000 181 9
100000 183 8
100000 183 9
100000 185 9
100000 185 10
100000 186 10
100000 186 11
100000 188 11
100000 188 12
100000 190 11
100000 190 12
100000 192 11
100000 192 12
100000 194 12
100000 194 13
100000 195 13
100000 195 14
100000 197 14
100000 197 15
100000 199 14
100000 199 15
100000 200 8
100000 200 9
100000 202 7
100000 202 8
100000 204 7
100000 204 8
100000 206 6
100000 206 7
100000 208 7
100000 208 8
100000 209 6
100000 209 7
100000 211 6
100000 211 7
100000 213 6
100000 213 7
100000 215 9
100000 215 10
100000 217 9
100000 217 10
100000 219 9
100000 219 10
100000 221 10
100000 221 11
100000 222 11
100000 222 12
100000 224 12
100000 224 13
100000 226 12
100000 226 13
100000 228 12
100000 228 13
100000 230 13
100000 230 14
100000 231 14
100000 231 15
100000 233 15
100000 233 16
100000 235 15
100000 235 16
100000 237 15
100000 237 16
100000 239 16
100000 239 17
100000 241 16
100000 241 17
100000 243 16
100000 243 17
100000 245 9
100000 245 10
100000 247 10
100000 247 11
100000 249 10
100000 249 11
100000 251 10
100000 251 11
100000 253 11
100000 253 12
100000 254 10
100000 254 11
100000 255 12
100000 255 13
100000 256 11
100000 256 12
100000 258 11
100000 258 12
100000 260 11
100000 260 12
100000 262 13
100000 262 14
100000 264 13
100000 264 14
100000 266 13
100000 266 14
100000 268 12
100000 268 13
100000 269 11
100000 269 12
100000 271 14
100000 271 15
100000 272 13
100000 272 14
100000 273 12
100000 273 13
100000 275 12
100000 275 13
100000 277 12
100000 277 13
100000 279 14
100000 279 15
100000 281 14
100000 281 15
100000 283 14
100000 283 15
100000 285 13
100000 285 14
100000 286 12
100000 286 13
100000 288 15
100000 288 16
100000 289 14
100000 289 15
100000 290 13
100000 290 14
100000 292 13
100000 292 14
100000 294 13
100000 294 14
100000 296 15
100000 296 16
100000 298 15
100000 298 16
100000 300 15
100000 300 16
100000 302 14
100000 302 15
100000 303 13
100000 303 14
100000 305 15
100000 305 16
100000 306 14
100000 306 15
100000 308 14
100000 308 15
100000 310 14
100000 310 15
100000 312 16
100000 312 17
100000 314 16
100000 314 17
100000 315 15
100000 315 16
100000 316 14
100000 316 15
100000 318 15
100000 318 16
100000 320 15
100000 320 16
100000 322 15
100000 322 16
100000 324 16
100000 324 17
100000 325 15
100000 325 16
100000 327 16
100000 327 17
100000 329 16
100000 329 17
100000 331 16
100000 331 17
100000 333 16
100000 333 17
100000 335 8
100000 335 9
100000 337 8
100000 337 9
100000 339 7
100000 339 8
100000 340 6
100000 340 7
100000 342 5
100000 342 6
100000 344 5
100000 344 6
100000 346 4
100000 346 5
100000 348 5
100000 348 6
100000 349 4
100000 349 5
100000 351 4
100000 351 5
100000 353 4
100000 353 5
100000 355 3
100000 355 4
100000 357 8
100000 357 9
100000 358 7
100000 358 8
100000 360 7
100000 360 8
100000 362 7
100000 362 8
100000 364 9
100000 364 10
100000 366 9
100000 366 10
100000 368 8
100000 368 9
100000 369 7
100000 369 8
100000 371 6
100000 371 7
100000 373 6
100000 373 7
100000 375 5
100000 375 6
100000 376 4
100000 376 5
100000 377 3
100000 377 4
100000 379 3
100000 379 4
100000 381 3
100000 381 4
100000 383 2
100000 383 3
100000 385 6
100000 385 7
100000 386 5
100000 386 6
100000 388 5
100000 388 6
100000 390 5
100000 390 6
100000 392 4
100000 392 5
100000 393 3
100000 393 4
100000 394 2
100000 394 3
100000 396 2
100000 396 3
100000 398 2
100000 398 3
100000 400 1
100000 400 2
100000 401 9
100000 401 10
100000 403 10
100000 403 11
100000 405 10
100000 405 11
100000 406 8
100000 406 9
100000 408 8
100000 408 9
100000 410 8
100000 410 9
100000 412 9
100000 412 10
100000 413 10
100000 413 11
100000 415 11
100000 415 12
100000 417 11
100000 417 12
100000 418 8
100000 418 9
100000 420 7
100000 420 8
100000 422 7
100000 422 8
100000 424 6
100000 424 7
100000 425 5
100000 425 6
100000 426 4
100000 426 5
100000 428 4
100000 428 5
100000 430 4
100000 430 5
100000 432 3
100000 432 4
100000 433 2
100000 433 3
100000 434 1
100000 434 2
100000 436 1
100000 436 2
100000 438 1
100000 438 2
100000 440 0
100000 440 1
100000 442 7
100000 442 8
100000 443 6
100000 443 7
100000 445 6
100000 445 7
100000 447 6
100000 447 7
100000 449 5
100000 449 6
100000 450 4
100000 450 5
100000 451 3
100000 451 4
100000 453 3
100000 453 4
100000 455 3
100000 455 4
100000 457 2
100000 457 3
100000 458 1
100000 458 2
100000 459 0
100000 459 1
100000 461 0
100000 461 1
100000 463 0
100000 463 1
100000 465 9
100000 465 10
100000 467 9
100000 467 10
100000 469 9
100000 469 10
100000 471 10
100000 471 11
100000 472 11
100000 472 12
100000 474 12
100000 474 13
100000 476 12
100000 476 13
100000 478 9
100000 478 10
100000 480 10
100000 480 11
100000 482 10
100000 482 11
100000 484 10
100000 484 11
100000 486 11
100000 486 12
100000 487 10
100000 487 11
100000 488 12
100000 488 13
100000 489 11
100000 489 12
100000 491 11
100000 491 12
100000 493 11
100000 493 12
100000 495 13
100000 495 14
100000 497 13
100000 497 14
100000 499 12
100000 499 13
100000 500 11
100000 500 12
100000 502 13
100000 502 14
100000 503 12
100000 503 13
100000 505 12
100000 505 13
100000 507 12
100000 507 13
100000 509 14
100000 509 15
100000 511 14
100000 511 15
100000 513 13
100000 513 14
100000 514 12
100000 514 13
100000 516 14
100000 516 15
100000 517 13
100000 517 14
100000 519 13
100000 519 14
100000 521 13
100000 521 14
100000 523 15
100000 523 16
100000 525 15
100000 525 16
100000 527 14
100000 527 15
100000 528 13
100000 528 14
100000 530 15
100000 530 16
100000 531 14
100000 531 15
100000 533 14
100000 533 15
100000 535 14
100000 535 15
100000 537 16
100000 537 17
100000 539 16
100000 539 17
100000 541 16
100000 541 17
100000 542 15
100000 542 16
100000 543 14
100000 543 15
100000 545 15
100000 545 16
100000 547 15
100000 547 16
100000 549 15
100000 549 16
100000 551 15
100000 551 16
100000 553 16
100000 553 17
100000 555 16
100000 555 17
100000 557 8
100000 557 9
100000 559 8
100000 559 9
100000 561 7
100000 561 8
100000 562 6
100000 562 7
100000 563 5
100000 563 6
100000 565 5
100000 565 6
100000 567 5
100000 567 6
100000 569 4
100000 569 5
100000 570 3
100000 570 4
100000 571 2
100000 571 3
100000 573 2
100000 573 3
100000 575 2
100000 575 3
100000 577 1
100000 577 2
100000 578 0
100000 578 1
100000 580 8
100000 580 9
100000 581 7
100000 581 8
100000 583 7
100000 583 8
100000 585 7
100000 585 8
100000 587 6
100000 587 7
100000 588 5
100000 588 6
100000 589 4
100000 589 5
100000 591 4
100000 591 5
100000 593 4
100000 593 5
100000 595 3
100000 595 4
100000 596 2
100000 596 3
100000 597 1
100000 597 2
100000 599 1
100000 599 2
100000 601 1
100000 601 2
100000 603 9
100000 603 10
100000 605 9
100000 605 10
100000 607 8
100000 607 9
100000 608 7
100000 608 8
100000 609 6
100000 609 7
100000 611 6
100000 611 7
100000 613 6
100000 613 7
100000 615 5
100000 615 6
100000 616 4
100000 616 5
100000 617 3
100000 617 4
100000 619 3
100000 619 4
100000 621 3
100000 621 4
100000 623 2
100000 623 3
100000 624 1
100000 624 2
100000 625 9
100000 625 10
100000 627 10
100000 627 11
100000 629 10
100000 629 11
100000 630 8
100000 630 9
100000 632 8
100000 632 9
100000 634 8
100000 634 9
100000 636 7
100000 636 8
100000 637 6
100000 637 7
100000 638 5
100000 638 6
100000 640 5
100000 640 6
100000 642 5
100000 642 6
100000 644 4
100000 644 5
100000 645 3
100000 645 4
100000 646 2
100000 646 3
100000 648 2
100000 648 3
100000 650 2
100000 650 3
100000 652 9
100000 652 10
100000 653 10
100000 653 11
100000 655 11
100000 655 12
100000 657 11
100000 657 12
100000 658 8
100000 658 9
100000 659 7
100000 659 8
100000 661 7
100000 661 8
100000 663 7
100000 663 8
100000 665 6
100000 665 7
100000 666 5
100000 666 6
100000 667 4
100000 667 5
100000 669 4
100000 669 5
100000 671 4
100000 671 5
100000 673 3
100000 673 4
100000 674 2
100000 674 3
100000 676 9
100000 676 10
100000 678 9
100000 678 10
100000 680 9
100000 680 10
100000 682 10
100000 682 11
100000 683 11
100000 683 12
100000 685 12
100000 685 13
100000 687 12
100000 687 13
100000 689 8
100000 689 9
100000 690 7
100000 690 8
100000 691 6
100000 691 7
100000 693 6
100000 693 7
100000 695 6
100000 695 7
100000 697 5
100000 697 6
100000 698 4
100000 698 5
100000 699 3
100000 699 4
100000 701 3
100000 701 4
100000 703 3
100000 703 4
100000 704 9
100000 704 10
100000 706 10
100000 706 11
100000 708 10
100000 708 11
100000 710 10
100000 710 11
100000 712 11
100000 712 12
100000 713 12
100000 713 13
100000 715 13
100000 715 14
100000 717 13
100000 717 14
100000 718 8
100000 718 9
100000 720 8
100000 720 9
100000 722 8
100000 722 9
100000 724 7
100000 724 8
100000 725 6
100000 725 7
100000 726 5
100000 726 6
100000 728 5
100000 728 6
100000 730 5
100000 730 6
100000 732 4
100000 732 5
100000 733 3
100000 733 4
100000 735 9
100000 735 10
100000 736 10
100000 736 11
100000 738 11
100000 738 12
100000 740 11
100000 740 12
100000 742 11
100000 742 12
100000 744 12
100000 744 13
100000 745 13
100000 745 14
100000 747 14
100000 747 15
100000 749 14
100000 749 15
100000 750 8
100000 750 9
100000 751 7
100000 751 8
100000 753 7
100000 753 8
100000 755 7
100000 755 8
100000 757 6
100000 757 7
100000 758 5
100000 758 6
100000 759 4
100000 759 5
100000 761 4
100000 761 5
100000 763 4
100000 763 5
100000 765 9
100000 765 10
100000 767 9
100000 767 10
100000 769 9
100000 769 10
100000 771 10
100000 771 11
100000 772 11
100000 772 12
100000 774 12
100000 774 13
100000 776 12
100000 776 13
100000 778 12
100000 778 13
100000 780 13
100000 780 14
100000 781 14
100000 781 15
100000 783 15
100000 783 16
100000 785 15
100000 785 16
100000 787 15
100000 787 16
100000 789 8
100000 789 9
100000 790 7
100000 790 8
100000 791 6
100000 791 7
100000 793 6
100000 793 7
100000 795 6
100000 795 7
100000 797 5
100000 797 6
100000 798 4
100000 798 5
100000 799 9
100000 799 10
100000 801 10
100000 801 11
100000 803 10
100000 803 11
100000 805 10
100000 805 11
100000 807 11
100000 807 12
100000 808 12
100000 808 13
100000 810 13
100000 810 14
100000 812 13
100000 812 14
100000 814 13
100000 814 14
100000 816 8
100000 816 9
100000 816 14
100000 816 15
100000 818 8
100000 818 9
100000 820 8
100000 820 9
100000 822 7
100000 822 8
100000 823 6
100000 823 7
100000 824 5
100000 824 6
100000 826 5
100000 826 6
100000 828 5
100000 828 6
100000 830 9
100000 830 10
100000 831 10
100000 831 11
100000 833 11
100000 833 12
100000 835 11
100000 835 12
100000 837 11
100000 837 12
100000 839 12
100000 839 13
100000 840 13
100000 840 14
100000 842 14
100000 842 15
100000 844 14
100000 844 15
100000 846 14
100000 846 15
100000 847 8
100000 847 9
100000 848 7
100000 848 8
100000 850 7
100000 850 8
100000 852 7
100000 852 8
100000 854 6
100000 854 7
100000 855 5
100000 855 6
100000 857 9
100000 857 10
100000 859 9
100000 859 10
100000 861 9
100000 861 10
100000 863 10
100000 863 11
100000 864 11
100000 864 12
100000 866 12
100000 866 13
100000 868 12
100000 868 13
100000 870 12
100000 870 13
100000 872 13
100000 872 14
100000 873 14
100000 873 15
100000 875 15
100000 875 16
100000 877 15
100000 877 16
100000 879 16
100000 879 17
100000 880 15
100000 880 16
100000 882 16
100000 882 17
100000 884 15
100000 884 16
100000 886 15
100000 886 16
100000 888 15
100000 888 16
100000 890 16
100000 890 17
100000 892 16
100000 892 17
100000 894 15
100000 894 16
100000 896 15
100000 896 16
100000 898 16
100000 898 17
100000 900 16
100000 900 17
100000 902 8
100000 902 9
100000 903 7
100000 903 8
100000 904 6
100000 904 7
100000 906 6
100000 906 7
100000 908 6
100000 908 7
100000 909 9
100000 909 10
100000 911 10
100000 911 11
100000 913 10
100000 913 11
100000 915 10
100000 915 11
100000 917 11
100000 917 12
100000 918 12
100000 918 13
100000 920 13
100000 920 14
100000 922 13
100000 922 14
100000 924 13
100000 924 14
100000 925 8
100000 925 9
100000 927 8
100000 927 9
100000 929 8
100000 929 9
100000 931 7
100000 931 8
100000 932 6
100000 932 7
100000 934 9
100000 934 10
100000 935 10
100000 935 11
100000 937 11
100000 937 12
100000 939 11
100000 939 12
100000 941 11
100000 941 12
100000 943 12
100000 943 13
100000 944 13
100000 944 14
100000 946 14
100000 946 15
100000 948 14
100000 948 15
100000 950 15
100000 950 16
100000 951 14
100000 951 15
100000 952 16
100000 952 17
100000 953 15
100000 953 16
100000 955 14
100000 955 15
100000 957 14
100000 957 15
100000 959 15
100000 959 16
100000 961 15
100000 961 16
100000 963 8
100000 963 9
100000 963 16
100000 963 17
100000 964 7
100000 964 8
100000 966 7
100000 966 8
100000 968 7
100000 968 8
100000 970 9
100000 970 10
100000 972 9
100000 972 10
100000 974 9
100000 974 10
100000 976 10
100000 976 11
100000 977 11
100000 977 12
100000 979 12
100000 979 13
100000 981 12
100000 981 13
100000 983 12
100000 983 13
100000 985 8
100000 985 9
100000 986 7
100000 986 8
100000 987 9
100000 987 10
100000 989 10
100000 989 11
100000 991 10
100000 991 11
100000 993 10
100000 993 11
100000 995 11
100000 995 12
100000 996 12
100000 996 13
100000 998 13
100000 998 14
100000 1000 13
100000 1000 14
100000 1002 14
100000 1002 15
100000 1003 13
100000 1003 14
100000 1004 15
100000 1004 16
100000 1005 14
100000 1005 15
100000 1007 13
100000 1007 14
100000 1009 13
100000 1009 14
100000 1011 14
100000 1011 15
100000 1013 14
100000 1013 15
100000 1015 16
100000 1015 17
100000 1016 8
100000 1016 9
100000 1018 8
100000 1018 9
100000 1020 8
100000 1020 9
100000 1022 9
100000 1022 10
100000 1023 10
100000 1023 11
100000 1025 11
100000 1025 12
100000 1027 11
100000 1027 12
100000 1029 11
100000 1029 12
100000 1030 8
100000 1030 9
100000 1032 9
100000 1032 10
100000 1034 9
100000 1034 10
100000 1036 9
100000 1036 10
100000 1038 10
100000 1038 11
100000 1039 11
100000 1039 12
100000 1041 12
100000 1041 13
100000 1043 12
100000 1043 13
100000 1045 13
100000 1045 14
100000 1046 12
100000 1046 13
100000 1047 14
100000 1047 15
100000 1048 13
100000 1048 14
100000 1050 12
100000 1050 13
100000 1052 12
100000 1052 13
100000 1054 13
100000 1054 14
100000 1056 13
100000 1056 14
100000 1058 15
100000 1058 16
100000 1060 15
100000 1060 16
100000 1062 16
100000 1062 17
100000 1063 15
100000 1063 16
100000 1065 16
100000 1065 17
100000 1067 15
100000 1067 16
100000 1069 15
100000 1069 16
100000 1071 16
100000 1071 17
100000 1073 16
100000 1073 17
100000 1075 8
100000 1075 9
100000 1076 9
100000 1076 10
100000 1078 10
100000 1078 11
100000 1080 10
100000 1080 11
100000 1082 10
100000 1082 11
100000 1084 8
100000 1084 9
100000 1086 7
100000 1086 8
100000 1088 8
100000 1088 9
100000 1090 7
100000 1090 8
100000 1092 6
100000 1092 7
100000 1094 7
100000 1094 8
100000 1096 6
100000 1096 7
100000 1098 6
100000 1098 7
100000 1100 5
100000 1100 6
100000 1102 5
100000 1102 6
100000 1104 5
100000 1104 6
100000 1106 4
100000 1106 5
100000 1108 4
100000 1108 5
100000 1110 4
100000 1110 5
100000 1112 3
100000 1112 4
100000 1114 3
100000 1114 4
100000 1116 3
100000 1116 4
100000 1118 2
100000 1118 3
100000 1120 2
100000 1120 3
100000 1122 2
100000 1122 3
100000 1124 1
100000 1124 2
100000 1126 1
100000 1126 2
100000 1128 1
100000 1128 2
100000 1130 0
100000 1130 1
100000 1132 0
100000 1132 1
100000 1134 0
100000 1134 1
100000 1136 9
100000 1136 10
100000 1137 10
100000 1137 11
100000 1139 11
100000 1139 12
100000 1141 11
100000 1141 12
100000 1143 12
100000 1143 13
100000 1144 13
100000 1144 14
100000 1146 14
100000 1146 15
100000 1148 14
100000 1148 15
100000 1150 15
100000 1150 16
100000 1151 14
100000 1151 15
100000 1152 16
100000 1152 17
100000 1153 15
100000 1153 16
100000 1155 14
100000 1155 15
100000 1157 14
100000 1157 15
100000 1159 15
100000 1159 16
100000 1161 15
100000 1161 16
100000 1163 16
100000 1163 17
100000 1164 9
100000 1164 10
100000 1166 9
100000 1166 10
100000 1168 10
100000 1168 11
100000 1169 11
100000 1169 12
100000 1171 12
100000 1171 13
100000 1173 11
100000 1173 12
100000 1175 11
100000 1175 12
100000 1177 10
100000 1177 11
100000 1179 10
100000 1179 11
100000 1181 12
100000 1181 13
100000 1183 12
100000 1183 13
100000 1185 11
100000 1185 12
100000 1187 12
100000 1187 13
100000 1189 11
100000 1189 12
100000 1191 13
100000 1191 14
100000 1193 13
100000 1193 14
100000 1195 14
100000 1195 15
100000 1196 15
100000 1196 16
100000 1198 16
100000 1198 17
100000 1200 8
100000 1200 9
100000 1202 8
100000 1202 9
100000 1204 8
100000 1204 9
100000 1206 7
100000 1206 8
100000 1208 7
100000 1208 8
100000 1210 7
100000 1210 8
100000 1212 6
100000 1212 7
100000 1214 6
100000 1214 7
100000 1216 6
100000 1216 7
100000 1218 5
100000 1218 6
100000 1220 5
100000 1220 6
100000 1222 5
100000 1222 6
100000 1224 4
100000 1224 5
100000 1226 4
100000 1226 5
100000 1228 4
100000 1228 5
100000 1230 3
100000 1230 4
100000 1232 3
100000 1232 4
100000 1234 3
100000 1234 4
100000 1236 2
100000 1236 3
100000 1238 2
100000 1238 3
100000 1240 2
100000 1240 3
100000 1242 1
100000 1242 2
100000 1244 1
100000 1244 2
100000 1246 1
100000 1246 2
100000 1248 9
100000 1248 10
100000 1250 9
100000 1250 10
100000 1252 10
100000 1252 11
100000 1253 11
100000 1253 12
100000 1255 12
100000 1255 13
100000 1256 13
100000 1256 14
100000 1258 14
100000 1258 15
100000 1260 13
100000 1260 14
100000 1262 13
100000 1262 14
100000 1264 12
100000 1264 13
100000 1266 12
100000 1266 13
100000 1268 14
100000 1268 15
100000 1270 14
100000 1270 15
100000 1272 13
100000 1272 14
100000 1274 14
100000 1274 15
100000 1276 13
100000 1276 14
100000 1278 13
100000 1278 14
100000 1280 15
100000 1280 16
100000 1282 15
100000 1282 16
100000 1284 14
100000 1284 15
100000 1286 16
100000 1286 17
100000 1287 15
100000 1287 16
100000 1289 16
100000 1289 17
100000 1291 15
100000 1291 16
100000 1293 15
100000 1293 16
100000 1295 14
100000 1295 15
100000 1297 14
100000 1297 15
100000 1299 15
100000 1299 16
100000 1301 15
100000 1301 16
100000 1303 15
100000 1303 16
100000 1305 16
100000 1305 17
100000 1307 16
100000 1307 17
100000 1309 16
100000 1309 17
100000 1311 9
100000 1311 10
100000 1313 10
100000 1313 11
100000 1315 10
100000 1315 11
100000 1316 11
100000 1316 12
100000 1318 11
100000 1318 12
100000 1320 11
100000 1320 12
100000 1322 12
100000 1322 13
100000 1324 12
100000 1324 13
100000 1326 12
100000 1326 13
100000 1328 13
100000 1328 14
100000 1330 13
100000 1330 14
100000 1332 13
100000 1332 14
100000 1334 14
100000 1334 15
100000 1336 14
100000 1336 15
100000 1338 14
100000 1338 15
100000 1340 15
100000 1340 16
100000 1342 15
100000 1342 16
100000 1344 15
100000 1344 16
100000 1346 8
100000 1346 9
100000 1348 8
100000 1348 9
100000 1350 8
100000 1350 9
100000 1352 7
100000 1352 8
100000 1354 7
100000 1354 8
100000 1356 7
100000 1356 8
100000 1358 6
100000 1358 7
100000 1360 6
100000 1360 7
100000 1362 6
100000 1362 7
100000 1364 5
100000 1364 6
100000 1366 5
100000 1366 6
100000 1368 5
100000 1368 6
100000 1370 4
100000 1370 5
100000 1372 4
100000 1372 5
100000 1374 4
100000 1374 5
100000 1376 3
100000 1376 4
100000 1378 3
100000 1378 4
100000 1380 3
100000 1380 4
100000 1382 2
100000 1382 3
100000 1384 2
100000 1384 3
100000 1386 2
100000 1386 3
100000 1388 7
100000 1388 8
100000 1390 7
100000 1390 8
100000 1392 7
100000 1392 8
100000 1394 9
100000 1394 10
100000 1396 9
100000 1396 10
100000 1398 9
100000 1398 10
100000 1400 10
100000 1400 11
100000 1402 10
100000 1402 11
100000 1404 10
100000 1404 11
100000 1406 9
100000 1406 10
100000 1408 11
100000 1408 12
100000 1410 11
100000 1410 12
100000 1412 11
100000 1412 12
100000 1414 12
100000 1414 13
100000 1416 12
100000 1416 13
100000 1418 12
100000 1418 13
100000 1420 13
100000 1420 14
100000 1422 13
100000 1422 14
100000 1424 13
100000 1424 14
100000 1426 14
100000 1426 15
100000 1428 14
100000 1428 15
100000 1430 14
100000 1430 15
100000 1432 9
100000 1432 10
100000 1434 9
100000 1434 10
100000 1436 8
100000 1436 9
100000 1438 8
100000 1438 9
100000 1440 8
100000 1440 9
100000 1442 7
100000 1442 8
100000 1444 7
100000 1444 8
100000 1446 7
100000 1446 8
100000 1448 6
100000 1448 7
100000 1450 6
100000 1450 7
100000 1452 6
100000 1452 7
100000 1454 5
100000 1454 6
100000 1456 5
100000 1456 6
100000 1458 5
100000 1458 6
100000 1460 4
100000 1460 5
100000 1462 4
100000 1462 5
100000 1464 4
100000 1464 5
100000 1466 3
100000 1466 4
100000 1468 3
100000 1468 4
100000 1470 3
100000 1470 4
100000 1472 6
100000 1472 7
100000 1474 6
100000 1474 7
100000 1476 6
100000 1476 7
100000 1478 5
100000 1478 6
100000 1480 5
100000 1480 6
100000 1482 5
100000 1482 6
100000 1484 4
100000 1484 5
100000 1486 4
100000 1486 5
100000 1488 4
100000 1488 5
100000 1490 7
100000 1490 8
100000 1492 7
100000 1492 8
100000 1494 7
100000 1494 8
100000 1496 9
100000 1496 10
100000 1498 9
100000 1498 10
100000 1500 9
100000 1500 10
100000 1502 10
100000 1502 11
100000 1504 10
100000 1504 11
100000 1506 10
100000 1506 11
100000 1508 11
100000 1508 12
100000 1510 11
100000 1510 12
100000 1512 11
100000 1512 12
100000 1514 10
100000 1514 11
100000 1516 10
100000 1516 11
100000 1518 10
100000 1518 11
100000 1520 9
100000 1520 10
100000 1522 12
100000 1522 13
100000 1524 12
100000 1524 13
100000 1526 12
100000 1526 13
100000 1528 11
100000 1528 12
100000 1530 11
100000 1530 12
100000 1532 11
100000 1532 12
100000 1534 9
100000 1534 10
100000 1536 9
100000 1536 10
100000 1538 8
100000 1538 9
100000 1540 8
100000 1540 9
100000 1542 8
100000 1542 9
100000 1544 7
100000 1544 8
100000 1546 7
100000 1546 8
100000 1548 7
100000 1548 8
100000 1550 6
100000 1550 7
100000 1552 6
100000 1552 7
100000 1554 6
100000 1554 7
100000 1556 5
100000 1556 6
100000 1558 5
100000 1558 6
100000 1560 5
100000 1560 6
100000 1562 9
100000 1562 10
100000 1564 9
100000 1564 10
100000 1566 9
100000 1566 10
100000 1568 10
100000 1568 11
100000 1570 10
100000 1570 11
100000 1572 10
100000 1572 11
100000 1574 9
100000 1574 10
100000 1576 11
100000 1576 12
100000 1578 11
100000 1578 12
100000 1580 11
100000 1580 12
100000 1582 12
100000 1582 13
100000 1584 12
100000 1584 13
100000 1586 12
100000 1586 13
100000 1588 13
100000 1588 14
100000 1590 13
100000 1590 14
100000 1592 13
100000 1592 14
100000 1594 9
100000 1594 10
100000 1596 9
100000 1596 10
100000 1598 8
100000 1598 9
100000 1600 8
100000 1600 9
100000 1602 8
100000 1602 9
100000 1604 7
100000 1604 8
100000 1606 7
100000 1606 8
100000 1608 7
100000 1608 8
100000 1610 6
100000 1610 7
100000 1612 6
100000 1612 7
100000 1614 6
100000 1614 7
