76 98
5000 0 0
5000 0 1
-1249 2 0
5000 2 2
-7500 4 2
1249 7 0
5000 7 1
7500 7 2
5000 9 1
-2500 11 0
5000 11 2
2500 14 0
5000 14 2
5000 14 3
-625 16 3
625 18 3
5000 20 2
5000 20 3
5000 22 2
5000 22 3
5000 24 2
-1249 26 2
1249 28 2
5000 30 1
5000 30 2
5000 32 1
5000 32 2
5000 34 1
-2500 36 1
2500 38 1
5000 38 2
5000 38 3
5000 38 4
-312 40 4
312 42 4
5000 44 3
5000 44 4
5000 46 3
5000 46 4
5000 48 3
-625 50 3
625 52 3
5000 54 2
5000 54 3
5000 56 2
5000 56 3
5000 58 2
5000 60 1
5000 60 2
5000 62 1
5000 62 2
5000 64 1
-1249 66 1
1249 68 1
5000 68 2
-2500 71 1
5000 73 1
5000 73 2
5000 73 3
5000 75 2
5000 77 1
5000 77 3
5000 77 4
5000 80 2
5000 82 1
5000 82 2
5000 82 3
5000 82 4
5000 84 3
5000 87 1
5000 87 2
5000 87 4
5000 89 3
5000 91 2
5000 91 3
5000 93 3
100000 1 0
100000 1 1
100000 3 1
100000 3 2
100000 5 1
100000 5 2
100000 6 0
100000 6 1
100000 8 1
100000 8 2
100000 10 0
100000 10 1
100000 12 1
100000 12 2
100000 13 0
100000 13 1
100000 15 2
100000 15 3
100000 17 2
100000 17 3
100000 19 2
100000 19 3
100000 21 2
100000 21 3
100000 23 2
100000 23 3
100000 25 1
100000 25 2
100000 27 1
100000 27 2
100000 29 1
100000 29 2
100000 31 1
100000 31 2
100000 33 1
100000 33 2
100000 35 0
100000 35 1
100000 37 0
100000 37 1
100000 39 3
100000 39 4
100000 41 3
100000 41 4
100000 43 3
100000 43 4
100000 45 3
100000 45 4
100000 47 3
100000 47 4
100000 49 2
100000 49 3
100000 51 2
100000 51 3
100000 53 2
100000 53 3
100000 55 2
100000 55 3
100000 57 2
100000 57 3
100000 59 1
100000 59 2
100000 61 1
100000 61 2
100000 63 1
100000 63 2
100000 65 0
100000 65 1
100000 67 0
100000 67 1
100000 69 2
100000 69 3
100000 70 1
100000 70 2
100000 72 1
100000 72 2
100000 74 2
100000 74 3
100000 76 1
100000 76 2
100000 78 3
100000 78 4
100000 79 2
100000 79 3
100000 81 1
100000 81 2
100000 83 3
100000 83 4
100000 85 2
100000 85 3
100000 86 1
100000 86 2
100000 88 3
100000 88 4
100000 90 2
100000 90 3
100000 92 2
100000 92 3
