1066 1300
5000 0 0
5000 0 1
-1249 2 0
5000 2 2
-7500 4 2
1249 7 0
5000 7 1
7500 7 2
5000 9 1
-2500 11 0
5000 11 2
2500 14 0
5000 14 2
5000 14 3
5000 16 2
5000 16 3
5000 18 2
5000 18 3
5000 20 2
5000 20 3
5000 20 4
-625 22 4
625 24 4
-312 27 2
312 29 2
5000 31 1
5000 31 2
5000 33 1
5000 33 2
5000 35 1
5000 35 2
5000 35 3
5000 35 4
5000 37 3
5000 37 4
5000 39 3
-1249 41 3
1249 43 3
-625 46 1
625 48 1
5000 50 0
5000 50 1
5000 52 0
5000 52 1
5000 54 0
5000 54 1
5000 54 2
5000 54 3
5000 56 2
5000 56 3
5000 58 2
-7500 60 2
-1249 63 0
1249 65 0
5000 65 1
7500 65 2
5000 67 1
-2500 69 0
5000 69 2
2500 72 0
5000 72 2
5000 72 3
5000 72 4
5000 72 5
5000 74 4
5000 74 5
5000 76 4
5000 76 5
5000 78 4
5000 78 5
5000 78 6
-156 80 6
156 82 6
-78 85 4
78 87 4
5000 89 3
5000 89 4
5000 91 3
5000 91 4
5000 93 3
5000 93 4
5000 93 5
5000 93 6
5000 95 5
5000 95 6
5000 97 5
-312 99 5
312 101 5
-156 104 3
156 106 3
5000 108 2
5000 108 3
5000 110 2
5000 110 3
5000 112 2
5000 112 3
5000 112 4
5000 112 5
5000 114 4
5000 114 5
5000 116 4
-625 118 4
625 120 4
-312 123 2
312 125 2
5000 127 1
5000 127 2
5000 129 1
5000 129 2
5000 131 1
5000 131 2
5000 131 3
5000 131 4
5000 133 3
5000 133 4
5000 135 3
-1249 137 3
1249 139 3
-625 142 1
625 144 1
5000 146 0
5000 146 1
5000 148 0
5000 148 1
5000 150 0
5000 150 1
5000 150 2
5000 150 3
5000 152 2
5000 152 3
5000 154 2
-7500 156 2
-1249 159 0
1249 161 0
5000 161 1
7500 161 2
5000 163 1
-2500 165 0
5000 165 2
2500 168 0
5000 168 2
5000 168 3
5000 168 4
5000 168 5
5000 168 6
5000 168 7
5000 170 6
5000 170 7
5000 172 6
5000 172 7
5000 174 6
5000 174 7
5000 174 8
-39 176 8
39 178 8
-19 181 6
19 183 6
5000 185 5
5000 185 6
5000 187 5
5000 187 6
5000 189 5
5000 189 6
5000 189 7
5000 189 8
5000 191 7
5000 191 8
5000 193 7
-78 195 7
78 197 7
-39 200 5
39 202 5
5000 204 4
5000 204 5
5000 206 4
5000 206 5
5000 208 4
5000 208 5
5000 208 6
5000 208 7
5000 210 6
5000 210 7
5000 212 6
-156 214 6
156 216 6
-78 219 4
78 221 4
5000 223 3
5000 223 4
5000 225 3
5000 225 4
5000 227 3
5000 227 4
5000 227 5
5000 227 6
5000 229 5
5000 229 6
5000 231 5
-312 233 5
312 235 5
-156 238 3
156 240 3
5000 242 2
5000 242 3
5000 244 2
5000 244 3
5000 246 2
5000 246 3
5000 246 4
5000 246 5
5000 248 4
5000 248 5
5000 250 4
-625 252 4
625 254 4
-312 257 2
312 259 2
5000 261 1
5000 261 2
5000 263 1
5000 263 2
5000 265 1
5000 265 2
5000 265 3
5000 265 4
5000 267 3
5000 267 4
5000 269 3
-1249 271 3
1249 273 3
-625 276 1
625 278 1
5000 280 0
5000 280 1
5000 282 0
5000 282 1
5000 284 0
5000 284 1
5000 284 2
5000 284 3
5000 286 2
5000 286 3
5000 288 2
-7500 290 2
-1249 293 0
1249 295 0
5000 295 1
7500 295 2
5000 297 1
-2500 299 0
5000 299 2
2500 302 0
5000 302 2
5000 302 3
5000 302 4
5000 302 5
5000 302 6
5000 302 7
5000 302 8
5000 302 9
-9 304 9
9 306 9
5000 308 8
5000 308 9
5000 310 8
5000 310 9
5000 312 8
-19 314 8
19 316 8
5000 318 7
5000 318 8
5000 320 7
5000 320 8
5000 322 7
-39 324 7
39 326 7
5000 328 6
5000 328 7
5000 330 6
5000 330 7
5000 332 6
-78 334 6
78 336 6
5000 338 5
5000 338 6
5000 340 5
5000 340 6
5000 342 5
-156 344 5
156 346 5
5000 348 4
5000 348 5
5000 350 4
5000 350 5
5000 352 4
-312 354 4
312 356 4
5000 358 3
5000 358 4
5000 360 3
5000 360 4
5000 362 3
-625 364 3
625 366 3
5000 368 2
5000 368 3
5000 370 2
5000 370 3
5000 372 2
-1249 374 2
1249 376 2
5000 378 1
5000 378 2
5000 380 1
5000 380 2
5000 382 1
-2500 384 1
2500 386 1
5000 386 2
5000 386 3
5000 386 4
5000 386 5
5000 386 6
5000 386 7
5000 386 8
5000 386 9
5000 386 10
-4 388 10
4 390 10
5000 392 9
5000 392 10
5000 394 9
5000 394 10
5000 396 9
5000 396 10
-9 398 9
9 400 9
5000 402 8
5000 402 9
5000 404 8
5000 404 9
5000 406 8
-19 408 8
19 410 8
5000 412 7
5000 412 8
5000 414 7
5000 414 8
5000 416 7
-39 418 7
39 420 7
5000 422 6
5000 422 7
5000 424 6
5000 424 7
5000 426 6
-78 428 6
78 430 6
5000 432 5
5000 432 6
5000 434 5
5000 434 6
5000 436 5
-156 438 5
156 440 5
5000 442 4
5000 442 5
5000 444 4
5000 444 5
5000 446 4
-312 448 4
312 450 4
5000 452 3
5000 452 4
5000 454 3
5000 454 4
5000 456 3
-625 458 3
625 460 3
5000 462 2
5000 462 3
5000 464 2
5000 464 3
5000 466 2
5000 468 1
5000 468 2
5000 470 1
5000 470 2
5000 472 1
-1249 474 1
1249 476 1
5000 476 2
5000 476 3
5000 476 4
5000 476 5
5000 476 6
5000 476 7
5000 476 8
5000 476 9
5000 476 11
-2 478 11
2 480 11
5000 482 10
5000 482 11
5000 484 10
5000 484 11
5000 486 10
5000 486 11
-4 488 10
4 490 10
5000 492 9
5000 492 10
5000 494 9
5000 494 10
5000 496 9
5000 496 10
-9 498 9
9 500 9
5000 502 8
5000 502 9
5000 504 8
5000 504 9
5000 506 8
-19 508 8
19 510 8
5000 512 7
5000 512 8
5000 514 7
5000 514 8
5000 516 7
-39 518 7
39 520 7
5000 522 6
5000 522 7
5000 524 6
5000 524 7
5000 526 6
-78 528 6
78 530 6
5000 532 5
5000 532 6
5000 534 5
5000 534 6
5000 536 5
-156 538 5
156 540 5
5000 542 4
5000 542 5
5000 544 4
5000 544 5
5000 546 4
-312 548 4
312 550 4
5000 552 3
5000 552 4
5000 554 3
5000 554 4
5000 556 3
-2500 559 1
5000 561 1
5000 563 0
5000 563 1
5000 565 0
5000 565 1
5000 567 1
5000 567 2
5000 567 3
5000 569 2
5000 569 3
5000 571 2
-625 573 2
625 575 2
5000 575 3
5000 575 4
5000 575 5
5000 575 6
5000 575 7
5000 575 8
5000 575 9
5000 575 12
-1 577 12
1 579 12
5000 581 11
5000 581 12
5000 583 11
5000 583 12
5000 585 11
-2 587 11
2 589 11
5000 591 10
5000 591 11
5000 593 10
5000 593 11
5000 595 10
5000 595 11
5000 595 12
-4 597 10
4 599 10
5000 601 9
5000 601 10
5000 603 9
5000 603 10
5000 605 9
5000 605 10
-9 607 9
9 609 9
5000 611 8
5000 611 9
5000 613 8
5000 613 9
5000 615 8
-19 617 8
19 619 8
5000 621 7
5000 621 8
5000 623 7
5000 623 8
5000 625 7
-39 627 7
39 629 7
5000 631 6
5000 631 7
5000 633 6
5000 633 7
5000 635 6
-78 637 6
78 639 6
5000 641 5
5000 641 6
5000 643 5
5000 643 6
5000 645 5
-156 647 5
156 649 5
5000 651 4
5000 651 5
5000 653 4
5000 653 5
5000 655 4
-1249 658 2
1249 660 2
5000 662 1
5000 662 2
5000 664 1
5000 664 2
5000 666 1
-2500 668 1
2500 670 1
5000 670 2
5000 670 3
5000 670 4
5000 672 3
5000 672 4
5000 674 3
-312 676 3
312 678 3
5000 678 4
5000 678 5
5000 678 6
5000 678 7
5000 678 8
5000 678 9
5000 678 13
5000 684 12
5000 684 13
5000 686 12
5000 686 13
5000 688 12
-1 690 12
1 692 12
5000 694 11
5000 694 12
5000 696 11
5000 696 12
5000 698 11
-2 700 11
2 702 11
5000 704 10
5000 704 11
5000 706 10
5000 706 11
5000 708 10
5000 708 11
5000 708 12
5000 708 13
-4 710 10
4 712 10
5000 714 9
5000 714 10
5000 716 9
5000 716 10
5000 718 9
5000 718 10
-9 720 9
9 722 9
5000 724 8
5000 724 9
5000 726 8
5000 726 9
5000 728 8
-19 730 8
19 732 8
5000 734 7
5000 734 8
5000 736 7
5000 736 8
5000 738 7
-39 740 7
39 742 7
5000 744 6
5000 744 7
5000 746 6
5000 746 7
5000 748 6
-78 750 6
78 752 6
5000 754 5
5000 754 6
5000 756 5
5000 756 6
5000 758 5
-625 761 3
625 763 3
5000 765 2
5000 765 3
5000 767 2
5000 767 3
5000 769 2
5000 771 1
5000 771 2
5000 773 1
5000 773 2
5000 775 1
-1249 777 1
1249 779 1
5000 779 2
-2500 781 1
5000 783 1
5000 785 0
5000 785 1
5000 787 0
5000 787 1
5000 789 1
5000 789 3
5000 789 4
5000 789 5
5000 791 4
5000 791 5
5000 793 4
-156 795 4
156 797 4
5000 797 5
5000 797 6
5000 797 7
5000 797 8
5000 797 9
5000 797 14
5000 803 13
5000 803 14
5000 805 13
5000 805 14
5000 807 13
5000 813 12
5000 813 13
5000 815 12
5000 815 13
5000 817 12
-1 819 12
1 821 12
5000 823 11
5000 823 12
5000 825 11
5000 825 12
5000 827 11
-2 829 11
2 831 11
5000 833 10
5000 833 11
5000 835 10
5000 835 11
5000 837 10
5000 837 11
5000 837 12
5000 837 13
5000 837 14
-4 839 10
4 841 10
5000 843 9
5000 843 10
5000 845 9
5000 845 10
5000 847 9
5000 847 10
-9 849 9
9 851 9
5000 853 8
5000 853 9
5000 855 8
5000 855 9
5000 857 8
-19 859 8
19 861 8
5000 863 7
5000 863 8
5000 865 7
5000 865 8
5000 867 7
-39 869 7
39 871 7
5000 873 6
5000 873 7
5000 875 6
5000 875 7
5000 877 6
-312 880 4
312 882 4
5000 884 3
5000 884 4
5000 886 3
5000 886 4
5000 888 3
5000 890 2
5000 890 3
5000 892 2
5000 892 3
5000 894 2
-625 896 2
625 898 2
5000 898 3
-1249 900 2
1249 902 2
5000 904 1
5000 904 2
5000 906 1
5000 906 2
5000 908 1
-2500 910 1
2500 912 1
5000 912 2
5000 912 4
5000 912 5
5000 912 6
5000 914 5
5000 914 6
5000 916 5
-78 918 5
78 920 5
5000 920 6
-156 922 5
156 924 5
5000 926 4
5000 926 5
5000 928 4
5000 928 5
5000 930 4
5000 932 3
5000 932 4
5000 934 3
5000 934 4
5000 936 3
-312 938 3
312 940 3
5000 940 4
-625 942 3
625 944 3
5000 946 2
5000 946 3
5000 948 2
5000 948 3
5000 950 2
5000 952 1
5000 952 2
5000 954 1
5000 954 2
5000 956 1
-1249 958 1
5000 960 0
1249 960 1
5000 960 2
-2500 962 1
5000 964 1
5000 964 2
5000 964 4
5000 964 5
5000 964 6
5000 964 7
5000 966 6
5000 966 7
5000 968 6
5000 968 7
5000 970 7
5000 970 8
5000 972 7
5000 972 8
5000 974 7
5000 974 8
5000 977 7
5000 979 6
5000 979 7
5000 981 6
5000 983 5
5000 983 7
5000 985 6
5000 987 5
5000 989 4
5000 989 6
5000 991 5
5000 993 4
5000 993 5
5000 995 4
5000 997 3
5000 997 4
5000 999 3
5000 999 4
5000 1001 3
5000 1003 2
5000 1003 3
5000 1005 2
5000 1005 3
5000 1007 2
5000 1009 1
5000 1009 2
5000 1011 1
5000 1011 2
5000 1013 1
5000 1015 0
5000 1015 1
5000 1017 0
5000 1017 1
5000 1019 0
5000 1019 1
5000 1019 2
5000 1019 3
5000 1019 4
5000 1019 5
5000 1019 6
5000 1021 5
5000 1021 6
5000 1023 5
5000 1023 6
5000 1025 5
5000 1027 4
5000 1027 5
5000 1029 4
5000 1029 5
5000 1031 4
5000 1033 3
5000 1033 4
5000 1035 3
5000 1035 4
5000 1037 3
5000 1039 2
5000 1039 3
5000 1041 2
5000 1041 3
5000 1043 2
5000 1045 1
5000 1045 2
5000 1047 1
5000 1047 2
5000 1049 1
5000 1049 2
5000 1049 3
5000 1049 4
5000 1049 5
5000 1049 6
5000 1051 6
5000 1051 7
5000 1053 6
5000 1053 7
5000 1055 6
5000 1057 5
5000 1057 6
5000 1059 5
5000 1059 6
5000 1061 5
5000 1063 4
5000 1063 5
5000 1065 4
5000 1065 5
5000 1067 4
5000 1069 3
5000 1069 4
5000 1071 3
5000 1071 4
5000 1073 3
5000 1075 2
5000 1075 3
5000 1077 2
5000 1077 3
5000 1079 2
5000 1079 3
5000 1079 4
5000 1079 5
5000 1079 7
5000 1079 8
5000 1079 9
5000 1081 8
5000 1081 9
5000 1083 10
5000 1085 7
5000 1085 8
5000 1087 7
5000 1087 8
5000 1089 8
5000 1089 9
5000 1091 9
5000 1091 10
5000 1093 10
5000 1095 10
5000 1095 11
5000 1097 10
5000 1097 11
5000 1099 11
5000 1101 11
5000 1101 12
5000 1103 11
5000 1103 12
5000 1105 11
5000 1105 12
5000 1107 12
5000 1107 13
5000 1109 12
5000 1109 13
5000 1111 12
5000 1111 13
5000 1113 13
5000 1113 14
5000 1115 13
5000 1115 14
5000 1117 9
5000 1117 13
5000 1119 8
5000 1119 9
5000 1121 8
5000 1121 9
5000 1123 10
5000 1124 8
5000 1126 7
5000 1126 8
5000 1128 7
5000 1130 6
5000 1130 8
5000 1132 7
5000 1134 6
5000 1136 5
5000 1136 7
5000 1138 6
5000 1140 5
5000 1140 6
5000 1142 5
5000 1144 4
5000 1144 5
5000 1146 4
5000 1146 5
5000 1148 4
5000 1150 3
5000 1150 4
5000 1152 3
5000 1152 4
5000 1154 3
5000 1154 5
5000 1154 6
5000 1154 7
5000 1156 6
5000 1156 7
5000 1158 6
5000 1158 7
5000 1160 6
5000 1162 5
5000 1162 6
5000 1164 5
5000 1164 6
5000 1166 6
5000 1166 7
5000 1168 7
5000 1168 8
5000 1170 7
5000 1170 8
5000 1172 8
5000 1172 9
5000 1174 10
5000 1176 9
5000 1176 11
5000 1178 10
5000 1180 10
5000 1180 11
5000 1182 10
5000 1182 11
5000 1184 11
5000 1184 12
5000 1186 11
5000 1186 12
5000 1188 11
5000 1188 12
5000 1190 12
5000 1190 13
5000 1192 12
5000 1192 13
5000 1194 9
5000 1194 12
5000 1196 9
5000 1196 10
5000 1198 9
5000 1198 10
5000 1200 10
5000 1202 10
5000 1202 11
5000 1204 10
5000 1204 11
5000 1206 11
5000 1208 11
5000 1208 12
5000 1210 11
5000 1210 12
5000 1212 9
5000 1212 11
5000 1214 8
5000 1214 9
5000 1216 8
5000 1216 9
5000 1218 10
5000 1219 8
5000 1221 7
5000 1221 8
5000 1223 7
5000 1223 8
5000 1225 7
5000 1227 6
5000 1227 7
5000 1229 6
5000 1229 7
5000 1231 6
5000 1233 5
5000 1233 6
5000 1235 5
5000 1237 4
5000 1237 6
5000 1239 5
5000 1241 4
5000 1241 5
5000 1243 5
5000 1243 7
5000 1245 7
5000 1245 8
5000 1247 7
5000 1247 8
5000 1249 7
5000 1249 8
5000 1249 9
5000 1251 10
5000 1253 9
5000 1253 11
5000 1255 10
5000 1257 10
5000 1257 11
5000 1259 8
5000 1259 9
5000 1261 8
5000 1261 9
5000 1263 10
5000 1264 8
5000 1264 9
5000 1266 9
5000 1266 10
5000 1268 10
100000 1 0
100000 1 1
100000 3 1
100000 3 2
100000 5 1
100000 5 2
100000 6 0
100000 6 1
100000 8 1
100000 8 2
100000 10 0
100000 10 1
100000 12 1
100000 12 2
100000 13 0
100000 13 1
100000 15 2
100000 15 3
100000 17 2
100000 17 3
100000 19 2
100000 19 3
100000 21 3
100000 21 4
100000 23 3
100000 23 4
100000 25 3
100000 25 4
100000 26 2
100000 26 3
100000 28 2
100000 28 3
100000 30 1
100000 30 2
100000 32 1
100000 32 2
100000 34 1
100000 34 2
100000 36 3
100000 36 4
100000 38 3
100000 38 4
100000 40 2
100000 40 3
100000 42 2
100000 42 3
100000 44 2
100000 44 3
100000 45 1
100000 45 2
100000 47 1
100000 47 2
100000 49 0
100000 49 1
100000 51 0
100000 51 1
100000 53 0
100000 53 1
100000 55 2
100000 55 3
100000 57 2
100000 57 3
100000 59 1
100000 59 2
100000 61 1
100000 61 2
100000 62 0
100000 62 1
100000 64 0
100000 64 1
100000 66 1
100000 66 2
100000 68 0
100000 68 1
100000 70 1
100000 70 2
100000 71 0
100000 71 1
100000 73 4
100000 73 5
100000 75 4
100000 75 5
100000 77 4
100000 77 5
100000 79 5
100000 79 6
100000 81 5
100000 81 6
100000 83 5
100000 83 6
100000 84 4
100000 84 5
100000 86 4
100000 86 5
100000 88 3
100000 88 4
100000 90 3
100000 90 4
100000 92 3
100000 92 4
100000 94 5
100000 94 6
100000 96 5
100000 96 6
100000 98 4
100000 98 5
100000 100 4
100000 100 5
100000 102 4
100000 102 5
100000 103 3
100000 103 4
100000 105 3
100000 105 4
100000 107 2
100000 107 3
100000 109 2
100000 109 3
100000 111 2
100000 111 3
100000 113 4
100000 113 5
100000 115 4
100000 115 5
100000 117 3
100000 117 4
100000 119 3
100000 119 4
100000 121 3
100000 121 4
100000 122 2
100000 122 3
100000 124 2
100000 124 3
100000 126 1
100000 126 2
100000 128 1
100000 128 2
100000 130 1
100000 130 2
100000 132 3
100000 132 4
100000 134 3
100000 134 4
100000 136 2
100000 136 3
100000 138 2
100000 138 3
100000 140 2
100000 140 3
100000 141 1
100000 141 2
100000 143 1
100000 143 2
100000 145 0
100000 145 1
100000 147 0
100000 147 1
100000 149 0
100000 149 1
100000 151 2
100000 151 3
100000 153 2
100000 153 3
100000 155 1
100000 155 2
100000 157 1
100000 157 2
100000 158 0
100000 158 1
100000 160 0
100000 160 1
100000 162 1
100000 162 2
100000 164 0
100000 164 1
100000 166 1
100000 166 2
100000 167 0
100000 167 1
100000 169 6
100000 169 7
100000 171 6
100000 171 7
100000 173 6
100000 173 7
100000 175 7
100000 175 8
100000 177 7
100000 177 8
100000 179 7
100000 179 8
100000 180 6
100000 180 7
100000 182 6
100000 182 7
100000 184 5
100000 184 6
100000 186 5
100000 186 6
100000 188 5
100000 188 6
100000 190 7
100000 190 8
100000 192 7
100000 192 8
100000 194 6
100000 194 7
100000 196 6
100000 196 7
100000 198 6
100000 198 7
100000 199 5
100000 199 6
100000 201 5
100000 201 6
100000 203 4
100000 203 5
100000 205 4
100000 205 5
100000 207 4
100000 207 5
100000 209 6
100000 209 7
100000 211 6
100000 211 7
100000 213 5
100000 213 6
100000 215 5
100000 215 6
100000 217 5
100000 217 6
100000 218 4
100000 218 5
100000 220 4
100000 220 5
100000 222 3
100000 222 4
100000 224 3
100000 224 4
100000 226 3
100000 226 4
100000 228 5
100000 228 6
100000 230 5
100000 230 6
100000 232 4
100000 232 5
100000 234 4
100000 234 5
100000 236 4
100000 236 5
100000 237 3
100000 237 4
100000 239 3
100000 239 4
100000 241 2
100000 241 3
100000 243 2
100000 243 3
100000 245 2
100000 245 3
100000 247 4
100000 247 5
100000 249 4
100000 249 5
100000 251 3
100000 251 4
100000 253 3
100000 253 4
100000 255 3
100000 255 4
100000 256 2
100000 256 3
100000 258 2
100000 258 3
100000 260 1
100000 260 2
100000 262 1
100000 262 2
100000 264 1
100000 264 2
100000 266 3
100000 266 4
100000 268 3
100000 268 4
100000 270 2
100000 270 3
100000 272 2
100000 272 3
100000 274 2
100000 274 3
100000 275 1
100000 275 2
100000 277 1
100000 277 2
100000 279 0
100000 279 1
100000 281 0
100000 281 1
100000 283 0
100000 283 1
100000 285 2
100000 285 3
100000 287 2
100000 287 3
100000 289 1
100000 289 2
100000 291 1
100000 291 2
100000 292 0
100000 292 1
100000 294 0
100000 294 1
100000 296 1
100000 296 2
100000 298 0
100000 298 1
100000 300 1
100000 300 2
100000 301 0
100000 301 1
100000 303 8
100000 303 9
100000 305 8
100000 305 9
100000 307 8
100000 307 9
100000 309 8
100000 309 9
100000 311 8
100000 311 9
100000 313 7
100000 313 8
100000 315 7
100000 315 8
100000 317 7
100000 317 8
100000 319 7
100000 319 8
100000 321 7
100000 321 8
100000 323 6
100000 323 7
100000 325 6
100000 325 7
100000 327 6
100000 327 7
100000 329 6
100000 329 7
100000 331 6
100000 331 7
100000 333 5
100000 333 6
100000 335 5
100000 335 6
100000 337 5
100000 337 6
100000 339 5
100000 339 6
100000 341 5
100000 341 6
100000 343 4
100000 343 5
100000 345 4
100000 345 5
100000 347 4
100000 347 5
100000 349 4
100000 349 5
100000 351 4
100000 351 5
100000 353 3
100000 353 4
100000 355 3
100000 355 4
100000 357 3
100000 357 4
100000 359 3
100000 359 4
100000 361 3
100000 361 4
100000 363 2
100000 363 3
100000 365 2
100000 365 3
100000 367 2
100000 367 3
100000 369 2
100000 369 3
100000 371 2
100000 371 3
100000 373 1
100000 373 2
100000 375 1
100000 375 2
100000 377 1
100000 377 2
100000 379 1
100000 379 2
100000 381 1
100000 381 2
100000 383 0
100000 383 1
100000 385 0
100000 385 1
100000 387 9
100000 387 10
100000 389 9
100000 389 10
100000 391 9
100000 391 10
100000 393 9
100000 393 10
100000 395 9
100000 395 10
100000 397 8
100000 397 9
100000 399 8
100000 399 9
100000 401 8
100000 401 9
100000 403 8
100000 403 9
100000 405 8
100000 405 9
100000 407 7
100000 407 8
100000 409 7
100000 409 8
100000 411 7
100000 411 8
100000 413 7
100000 413 8
100000 415 7
100000 415 8
100000 417 6
100000 417 7
100000 419 6
100000 419 7
100000 421 6
100000 421 7
100000 423 6
100000 423 7
100000 425 6
100000 425 7
100000 427 5
100000 427 6
100000 429 5
100000 429 6
100000 431 5
100000 431 6
100000 433 5
100000 433 6
100000 435 5
100000 435 6
100000 437 4
100000 437 5
100000 439 4
100000 439 5
100000 441 4
100000 441 5
100000 443 4
100000 443 5
100000 445 4
100000 445 5
100000 447 3
100000 447 4
100000 449 3
100000 449 4
100000 451 3
100000 451 4
100000 453 3
100000 453 4
100000 455 3
100000 455 4
100000 457 2
100000 457 3
100000 459 2
100000 459 3
100000 461 2
100000 461 3
100000 463 2
100000 463 3
100000 465 2
100000 465 3
100000 467 1
100000 467 2
100000 469 1
100000 469 2
100000 471 1
100000 471 2
100000 473 0
100000 473 1
100000 475 0
100000 475 1
100000 477 10
100000 477 11
100000 479 10
100000 479 11
100000 481 10
100000 481 11
100000 483 10
100000 483 11
100000 485 10
100000 485 11
100000 487 9
100000 487 10
100000 489 9
100000 489 10
100000 491 9
100000 491 10
100000 493 9
100000 493 10
100000 495 9
100000 495 10
100000 497 8
100000 497 9
100000 499 8
100000 499 9
100000 501 8
100000 501 9
100000 503 8
100000 503 9
100000 505 8
100000 505 9
100000 507 7
100000 507 8
100000 509 7
100000 509 8
100000 511 7
100000 511 8
100000 513 7
100000 513 8
100000 515 7
100000 515 8
100000 517 6
100000 517 7
100000 519 6
100000 519 7
100000 521 6
100000 521 7
100000 523 6
100000 523 7
100000 525 6
100000 525 7
100000 527 5
100000 527 6
100000 529 5
100000 529 6
100000 531 5
100000 531 6
100000 533 5
100000 533 6
100000 535 5
100000 535 6
100000 537 4
100000 537 5
100000 539 4
100000 539 5
100000 541 4
100000 541 5
100000 543 4
100000 543 5
100000 545 4
100000 545 5
100000 547 3
100000 547 4
100000 549 3
100000 549 4
100000 551 3
100000 551 4
100000 553 3
100000 553 4
100000 555 3
100000 555 4
100000 557 2
100000 557 3
100000 558 1
100000 558 2
100000 560 1
100000 560 2
100000 562 0
100000 562 1
100000 564 0
100000 564 1
100000 566 0
100000 566 1
100000 568 2
100000 568 3
100000 570 2
100000 570 3
100000 572 1
100000 572 2
100000 574 1
100000 574 2
100000 576 11
100000 576 12
100000 578 11
100000 578 12
100000 580 11
100000 580 12
100000 582 11
100000 582 12
100000 584 11
100000 584 12
100000 586 10
100000 586 11
100000 588 10
100000 588 11
100000 590 10
100000 590 11
100000 592 10
100000 592 11
100000 594 10
100000 594 11
100000 596 9
100000 596 10
100000 598 9
100000 598 10
100000 600 9
100000 600 10
100000 602 9
100000 602 10
100000 604 9
100000 604 10
100000 606 8
100000 606 9
100000 608 8
100000 608 9
100000 610 8
100000 610 9
100000 612 8
100000 612 9
100000 614 8
100000 614 9
100000 616 7
100000 616 8
100000 618 7
100000 618 8
100000 620 7
100000 620 8
100000 622 7
100000 622 8
100000 624 7
100000 624 8
100000 626 6
100000 626 7
100000 628 6
100000 628 7
100000 630 6
100000 630 7
100000 632 6
100000 632 7
100000 634 6
100000 634 7
100000 636 5
100000 636 6
100000 638 5
100000 638 6
100000 640 5
100000 640 6
100000 642 5
100000 642 6
100000 644 5
100000 644 6
100000 646 4
100000 646 5
100000 648 4
100000 648 5
100000 650 4
100000 650 5
100000 652 4
100000 652 5
100000 654 4
100000 654 5
100000 656 3
100000 656 4
100000 657 2
100000 657 3
100000 659 2
100000 659 3
100000 661 1
100000 661 2
100000 663 1
100000 663 2
100000 665 1
100000 665 2
100000 667 0
100000 667 1
100000 669 0
100000 669 1
100000 671 3
100000 671 4
100000 673 3
100000 673 4
100000 675 2
100000 675 3
100000 677 2
100000 677 3
100000 679 12
100000 679 13
100000 681 12
100000 681 13
100000 683 12
100000 683 13
100000 685 12
100000 685 13
100000 687 12
100000 687 13
100000 689 11
100000 689 12
100000 691 11
100000 691 12
100000 693 11
100000 693 12
100000 695 11
100000 695 12
100000 697 11
100000 697 12
100000 699 10
100000 699 11
100000 701 10
100000 701 11
100000 703 10
100000 703 11
100000 705 10
100000 705 11
100000 707 10
100000 707 11
100000 709 9
100000 709 10
100000 711 9
100000 711 10
100000 713 9
100000 713 10
100000 715 9
100000 715 10
100000 717 9
100000 717 10
100000 719 8
100000 719 9
100000 721 8
100000 721 9
100000 723 8
100000 723 9
100000 725 8
100000 725 9
100000 727 8
100000 727 9
100000 729 7
100000 729 8
100000 731 7
100000 731 8
100000 733 7
100000 733 8
100000 735 7
100000 735 8
100000 737 7
100000 737 8
100000 739 6
100000 739 7
100000 741 6
100000 741 7
100000 743 6
100000 743 7
100000 745 6
100000 745 7
100000 747 6
100000 747 7
100000 749 5
100000 749 6
100000 751 5
100000 751 6
100000 753 5
100000 753 6
100000 755 5
100000 755 6
100000 757 5
100000 757 6
100000 759 4
100000 759 5
100000 760 3
100000 760 4
100000 762 3
100000 762 4
100000 764 2
100000 764 3
100000 766 2
100000 766 3
100000 768 2
100000 768 3
100000 770 1
100000 770 2
100000 772 1
100000 772 2
100000 774 1
100000 774 2
100000 776 0
100000 776 1
100000 778 0
100000 778 1
100000 780 1
100000 780 2
100000 782 1
100000 782 2
100000 784 0
100000 784 1
100000 786 0
100000 786 1
100000 788 0
100000 788 1
100000 790 4
100000 790 5
100000 792 4
100000 792 5
100000 794 3
100000 794 4
100000 796 3
100000 796 4
100000 798 13
100000 798 14
100000 800 13
100000 800 14
100000 802 13
100000 802 14
100000 804 13
100000 804 14
100000 806 13
100000 806 14
100000 808 12
100000 808 13
100000 810 12
100000 810 13
100000 812 12
100000 812 13
100000 814 12
100000 814 13
100000 816 12
100000 816 13
100000 818 11
100000 818 12
100000 820 11
100000 820 12
100000 822 11
100000 822 12
100000 824 11
100000 824 12
100000 826 11
100000 826 12
100000 828 10
100000 828 11
100000 830 10
100000 830 11
100000 832 10
100000 832 11
100000 834 10
100000 834 11
100000 836 10
100000 836 11
100000 838 9
100000 838 10
100000 840 9
100000 840 10
100000 842 9
100000 842 10
100000 844 9
100000 844 10
100000 846 9
100000 846 10
100000 848 8
100000 848 9
100000 850 8
100000 850 9
100000 852 8
100000 852 9
100000 854 8
100000 854 9
100000 856 8
100000 856 9
100000 858 7
100000 858 8
100000 860 7
100000 860 8
100000 862 7
100000 862 8
100000 864 7
100000 864 8
100000 866 7
100000 866 8
100000 868 6
100000 868 7
100000 870 6
100000 870 7
100000 872 6
100000 872 7
100000 874 6
100000 874 7
100000 876 6
100000 876 7
100000 878 5
100000 878 6
100000 879 4
100000 879 5
100000 881 4
100000 881 5
100000 883 3
100000 883 4
100000 885 3
100000 885 4
100000 887 3
100000 887 4
100000 889 2
100000 889 3
100000 891 2
100000 891 3
100000 893 2
100000 893 3
100000 895 1
100000 895 2
100000 897 1
100000 897 2
100000 899 2
100000 899 3
100000 901 2
100000 901 3
100000 903 1
100000 903 2
100000 905 1
100000 905 2
100000 907 1
100000 907 2
100000 909 0
100000 909 1
100000 911 0
100000 911 1
100000 913 5
100000 913 6
100000 915 5
100000 915 6
100000 917 4
100000 917 5
100000 919 4
100000 919 5
100000 921 5
100000 921 6
100000 923 5
100000 923 6
100000 925 4
100000 925 5
100000 927 4
100000 927 5
100000 929 4
100000 929 5
100000 931 3
100000 931 4
100000 933 3
100000 933 4
100000 935 3
100000 935 4
100000 937 2
100000 937 3
100000 939 2
100000 939 3
100000 941 3
100000 941 4
100000 943 3
100000 943 4
100000 945 2
100000 945 3
100000 947 2
100000 947 3
100000 949 2
100000 949 3
100000 951 1
100000 951 2
100000 953 1
100000 953 2
100000 955 1
100000 955 2
100000 957 0
100000 957 1
100000 959 0
100000 959 1
100000 961 1
100000 961 2
100000 963 1
100000 963 2
100000 965 6
100000 965 7
100000 967 6
100000 967 7
100000 969 6
100000 969 7
100000 971 7
100000 971 8
100000 973 7
100000 973 8
100000 975 8
100000 975 9
100000 976 7
100000 976 8
100000 978 6
100000 978 7
100000 980 6
100000 980 7
100000 982 5
100000 982 6
100000 984 6
100000 984 7
100000 986 5
100000 986 6
100000 988 4
100000 988 5
100000 990 5
100000 990 6
100000 992 4
100000 992 5
100000 994 4
100000 994 5
100000 996 3
100000 996 4
100000 998 3
100000 998 4
100000 1000 3
100000 1000 4
100000 1002 2
100000 1002 3
100000 1004 2
100000 1004 3
100000 1006 2
100000 1006 3
100000 1008 1
100000 1008 2
100000 1010 1
100000 1010 2
100000 1012 1
100000 1012 2
100000 1014 0
100000 1014 1
100000 1016 0
100000 1016 1
100000 1018 0
100000 1018 1
100000 1020 5
100000 1020 6
100000 1022 5
100000 1022 6
100000 1024 5
100000 1024 6
100000 1026 4
100000 1026 5
100000 1028 4
100000 1028 5
100000 1030 4
100000 1030 5
100000 1032 3
100000 1032 4
100000 1034 3
100000 1034 4
100000 1036 3
100000 1036 4
100000 1038 2
100000 1038 3
100000 1040 2
100000 1040 3
100000 1042 2
100000 1042 3
100000 1044 1
100000 1044 2
100000 1046 1
100000 1046 2
100000 1048 1
100000 1048 2
100000 1050 6
100000 1050 7
100000 1052 6
100000 1052 7
100000 1054 6
100000 1054 7
100000 1056 5
100000 1056 6
100000 1058 5
100000 1058 6
100000 1060 5
100000 1060 6
100000 1062 4
100000 1062 5
100000 1064 4
100000 1064 5
100000 1066 4
100000 1066 5
100000 1068 3
100000 1068 4
100000 1070 3
100000 1070 4
100000 1072 3
100000 1072 4
100000 1074 2
100000 1074 3
100000 1076 2
100000 1076 3
100000 1078 2
100000 1078 3
100000 1080 8
100000 1080 9
100000 1082 9
100000 1082 10
100000 1083 8
100000 1083 9
100000 1084 7
100000 1084 8
100000 1086 7
100000 1086 8
100000 1088 7
100000 1088 8
100000 1090 9
100000 1090 10
100000 1092 9
100000 1092 10
100000 1094 10
100000 1094 11
100000 1096 10
100000 1096 11
100000 1098 10
100000 1098 11
100000 1100 11
100000 1100 12
100000 1102 11
100000 1102 12
100000 1104 11
100000 1104 12
100000 1106 12
100000 1106 13
100000 1108 12
100000 1108 13
100000 1110 12
100000 1110 13
100000 1112 13
100000 1112 14
100000 1114 13
100000 1114 14
100000 1116 13
100000 1116 14
100000 1118 8
100000 1118 9
100000 1120 8
100000 1120 9
100000 1122 9
100000 1122 10
100000 1123 8
100000 1123 9
100000 1125 7
100000 1125 8
100000 1127 7
100000 1127 8
100000 1129 6
100000 1129 7
100000 1131 7
100000 1131 8
100000 1133 6
100000 1133 7
100000 1135 5
100000 1135 6
100000 1137 6
100000 1137 7
100000 1139 5
100000 1139 6
100000 1141 5
100000 1141 6
100000 1143 4
100000 1143 5
100000 1145 4
100000 1145 5
100000 1147 4
100000 1147 5
100000 1149 3
100000 1149 4
100000 1151 3
100000 1151 4
100000 1153 3
100000 1153 4
100000 1155 6
100000 1155 7
100000 1157 6
100000 1157 7
100000 1159 6
100000 1159 7
100000 1161 5
100000 1161 6
100000 1163 5
100000 1163 6
100000 1165 5
100000 1165 6
100000 1167 7
100000 1167 8
100000 1169 7
100000 1169 8
100000 1171 7
100000 1171 8
100000 1173 9
100000 1173 10
100000 1175 10
100000 1175 11
100000 1177 9
100000 1177 10
100000 1179 10
100000 1179 11
100000 1181 10
100000 1181 11
100000 1183 11
100000 1183 12
100000 1185 11
100000 1185 12
100000 1187 11
100000 1187 12
100000 1189 12
100000 1189 13
100000 1191 12
100000 1191 13
100000 1193 12
100000 1193 13
100000 1195 9
100000 1195 10
100000 1197 9
100000 1197 10
100000 1199 9
100000 1199 10
100000 1201 10
100000 1201 11
100000 1203 10
100000 1203 11
100000 1205 10
100000 1205 11
100000 1207 11
100000 1207 12
100000 1209 11
100000 1209 12
100000 1211 11
100000 1211 12
100000 1213 8
100000 1213 9
100000 1215 8
100000 1215 9
100000 1217 9
100000 1217 10
100000 1218 8
100000 1218 9
100000 1220 7
100000 1220 8
100000 1222 7
100000 1222 8
100000 1224 7
100000 1224 8
100000 1226 6
100000 1226 7
100000 1228 6
100000 1228 7
100000 1230 6
100000 1230 7
100000 1232 5
100000 1232 6
100000 1234 5
100000 1234 6
100000 1236 4
100000 1236 5
100000 1238 5
100000 1238 6
100000 1240 4
100000 1240 5
100000 1242 4
100000 1242 5
100000 1244 7
100000 1244 8
100000 1246 7
100000 1246 8
100000 1248 7
100000 1248 8
100000 1250 9
100000 1250 10
100000 1252 10
100000 1252 11
100000 1254 9
100000 1254 10
100000 1256 10
100000 1256 11
100000 1258 8
100000 1258 9
100000 1258 10
100000 1258 11
100000 1260 8
100000 1260 9
100000 1262 9
100000 1262 10
100000 1263 8
100000 1263 9
100000 1265 9
100000 1265 10
100000 1267 9
100000 1267 10
