443 544
5000 0 0
5000 0 1
5000 0 2
-2500 2 1
5000 2 3
-1249 4 3
2500 7 1
5000 7 2
5000 9 1
5000 9 2
5000 11 1
-625 13 0
5000 13 2
625 16 0
5000 16 1
5000 16 2
1249 16 3
-2500 18 3
5000 21 1
5000 21 2
5000 23 1
5000 23 2
5000 23 3
5000 26 1
-1249 28 0
1249 30 0
5000 30 2
5000 30 3
5000 32 2
5000 32 3
5000 34 2
5000 36 1
5000 36 2
5000 38 1
-2500 40 0
5000 40 2
2500 43 0
5000 43 2
5000 43 3
5000 43 4
5000 45 3
5000 45 4
5000 47 3
5000 47 4
5000 49 3
5000 49 4
5000 49 5
-312 51 5
312 53 5
-156 56 3
156 58 3
5000 60 2
5000 60 3
5000 62 2
5000 62 3
5000 64 2
5000 64 3
5000 64 4
5000 64 5
5000 66 4
5000 66 5
5000 68 4
-625 70 4
625 72 4
-312 75 2
312 77 2
5000 79 1
5000 79 2
5000 81 1
5000 81 2
5000 83 1
5000 83 2
5000 83 3
5000 83 4
5000 85 3
5000 85 4
5000 87 3
-1249 89 3
1249 91 3
-625 94 1
625 96 1
5000 98 0
5000 98 1
5000 100 0
5000 100 1
5000 102 0
5000 102 1
5000 102 2
5000 102 3
5000 104 2
5000 104 3
5000 106 2
-7500 108 2
-1249 111 0
1249 113 0
5000 113 1
7500 113 2
5000 115 1
-2500 117 0
5000 117 2
2500 120 0
5000 120 2
5000 120 3
5000 120 4
5000 120 5
5000 120 6
-78 122 6
78 124 6
5000 126 5
5000 126 6
5000 128 5
5000 128 6
5000 130 5
-156 132 5
156 134 5
5000 136 4
5000 136 5
5000 138 4
5000 138 5
5000 140 4
-312 142 4
312 144 4
5000 146 3
5000 146 4
5000 148 3
5000 148 4
5000 150 3
-625 152 3
625 154 3
5000 156 2
5000 156 3
5000 158 2
5000 158 3
5000 160 2
-1249 162 2
1249 164 2
5000 166 1
5000 166 2
5000 168 1
5000 168 2
5000 170 1
-2500 172 1
2500 174 1
5000 174 2
5000 174 3
5000 174 4
5000 174 5
5000 174 6
5000 174 7
-39 176 7
39 178 7
5000 180 6
5000 180 7
5000 182 6
5000 182 7
5000 184 6
-78 186 6
78 188 6
5000 190 5
5000 190 6
5000 192 5
5000 192 6
5000 194 5
-156 196 5
156 198 5
5000 200 4
5000 200 5
5000 202 4
5000 202 5
5000 204 4
-312 206 4
312 208 4
5000 210 3
5000 210 4
5000 212 3
5000 212 4
5000 214 3
-625 216 3
625 218 3
5000 220 2
5000 220 3
5000 222 2
5000 222 3
5000 224 2
5000 226 1
5000 226 2
5000 228 1
5000 228 2
5000 230 1
-1249 232 1
1249 234 1
5000 234 2
5000 234 3
5000 234 4
5000 234 5
5000 234 6
5000 234 7
5000 234 8
-19 236 8
19 238 8
5000 240 7
5000 240 8
5000 242 7
5000 242 8
5000 244 7
-39 246 7
39 248 7
5000 250 6
5000 250 7
5000 252 6
5000 252 7
5000 254 6
-78 256 6
78 258 6
5000 260 5
5000 260 6
5000 262 5
5000 262 6
5000 264 5
-156 266 5
156 268 5
5000 270 4
5000 270 5
5000 272 4
5000 272 5
5000 274 4
-312 276 4
312 278 4
5000 280 3
5000 280 4
5000 282 3
5000 282 4
5000 284 3
-2500 287 1
5000 289 1
5000 291 0
5000 291 1
5000 293 0
5000 293 1
5000 295 1
5000 295 2
5000 295 3
5000 297 2
5000 297 3
5000 299 2
-625 301 2
625 303 2
5000 303 3
5000 303 4
5000 303 5
5000 303 6
5000 303 7
5000 303 8
5000 303 9
-9 305 9
9 307 9
5000 309 8
5000 309 9
5000 311 8
5000 311 9
5000 313 8
-19 315 8
19 317 8
5000 319 7
5000 319 8
5000 321 7
5000 321 8
5000 323 7
-39 325 7
39 327 7
5000 329 6
5000 329 7
5000 331 6
5000 331 7
5000 333 6
-78 335 6
78 337 6
5000 339 5
5000 339 6
5000 341 5
5000 341 6
5000 343 5
-156 345 5
156 347 5
5000 349 4
5000 349 5
5000 351 4
5000 351 5
5000 353 4
-1249 356 2
1249 358 2
5000 360 1
5000 360 2
5000 362 1
5000 362 2
5000 364 1
-2500 366 1
2500 368 1
5000 368 2
5000 368 3
5000 368 4
5000 370 3
5000 370 4
5000 372 3
-312 374 3
312 376 3
5000 376 4
-625 378 3
625 380 3
5000 382 2
5000 382 3
5000 384 2
5000 384 3
5000 386 2
5000 388 1
5000 388 2
5000 390 1
5000 390 2
5000 392 1
-1249 394 1
5000 396 0
1249 396 1
5000 396 2
-2500 398 1
5000 400 1
5000 400 2
5000 400 3
5000 400 4
5000 400 5
5000 402 4
5000 402 5
5000 404 4
5000 404 5
5000 408 3
5000 408 4
5000 410 3
5000 410 4
5000 413 2
5000 413 3
5000 415 2
5000 415 3
5000 417 2
5000 419 1
5000 419 2
5000 421 1
5000 421 2
5000 423 1
5000 425 0
5000 425 1
5000 427 0
5000 427 1
5000 429 0
5000 429 2
5000 429 3
5000 429 4
5000 431 3
5000 431 4
5000 433 3
5000 433 4
5000 435 3
5000 437 2
5000 437 3
5000 439 2
5000 439 3
5000 441 3
5000 441 4
5000 441 5
5000 441 6
5000 443 5
5000 443 6
5000 445 5
5000 445 6
5000 447 6
5000 447 7
5000 449 6
5000 451 5
5000 451 7
5000 453 6
5000 455 5
5000 455 6
5000 457 5
5000 459 4
5000 459 5
5000 461 4
5000 461 5
5000 461 6
5000 461 7
5000 463 7
5000 463 8
5000 465 7
5000 467 6
5000 467 8
5000 469 7
5000 471 6
5000 471 7
5000 475 4
5000 477 3
5000 477 4
5000 479 3
5000 479 4
5000 481 3
5000 483 2
5000 483 3
5000 485 2
5000 487 1
5000 487 3
5000 489 2
5000 491 1
5000 491 2
5000 493 2
5000 493 4
5000 493 5
5000 493 6
5000 495 5
5000 495 6
5000 498 4
5000 498 5
5000 500 4
5000 500 5
5000 502 4
5000 502 5
5000 502 6
5000 504 5
5000 504 6
5000 506 5
5000 506 6
5000 506 7
5000 506 8
5000 508 8
5000 508 9
5000 510 8
5000 512 7
5000 512 9
5000 514 8
5000 516 7
5000 516 8
5000 520 5
5000 520 6
5000 520 7
5000 522 6
5000 522 7
5000 524 7
5000 524 9
100000 1 1
100000 1 2
100000 3 2
100000 3 3
100000 5 2
100000 5 3
100000 6 1
100000 6 2
100000 8 1
100000 8 2
100000 10 1
100000 10 2
100000 12 0
100000 12 1
100000 14 1
100000 14 2
100000 15 0
100000 15 1
100000 17 2
100000 17 3
100000 19 2
100000 19 3
100000 20 1
100000 20 2
100000 22 1
100000 22 2
100000 24 2
100000 24 3
100000 25 1
100000 25 2
100000 27 0
100000 27 1
100000 29 0
100000 29 1
100000 31 2
100000 31 3
100000 33 2
100000 33 3
100000 35 1
100000 35 2
100000 37 1
100000 37 2
100000 39 0
100000 39 1
100000 41 1
100000 41 2
100000 42 0
100000 42 1
100000 44 3
100000 44 4
100000 46 3
100000 46 4
100000 48 3
100000 48 4
100000 50 4
100000 50 5
100000 52 4
100000 52 5
100000 54 4
100000 54 5
100000 55 3
100000 55 4
100000 57 3
100000 57 4
100000 59 2
100000 59 3
100000 61 2
100000 61 3
100000 63 2
100000 63 3
100000 65 4
100000 65 5
100000 67 4
100000 67 5
100000 69 3
100000 69 4
100000 71 3
100000 71 4
100000 73 3
100000 73 4
100000 74 2
100000 74 3
100000 76 2
100000 76 3
100000 78 1
100000 78 2
100000 80 1
100000 80 2
100000 82 1
100000 82 2
100000 84 3
100000 84 4
100000 86 3
100000 86 4
100000 88 2
100000 88 3
100000 90 2
100000 90 3
100000 92 2
100000 92 3
100000 93 1
100000 93 2
100000 95 1
100000 95 2
100000 97 0
100000 97 1
100000 99 0
100000 99 1
100000 101 0
100000 101 1
100000 103 2
100000 103 3
100000 105 2
100000 105 3
100000 107 1
100000 107 2
100000 109 1
100000 109 2
100000 110 0
100000 110 1
100000 112 0
100000 112 1
100000 114 1
100000 114 2
100000 116 0
100000 116 1
100000 118 1
100000 118 2
100000 119 0
100000 119 1
100000 121 5
100000 121 6
100000 123 5
100000 123 6
100000 125 5
100000 125 6
100000 127 5
100000 127 6
100000 129 5
100000 129 6
100000 131 4
100000 131 5
100000 133 4
100000 133 5
100000 135 4
100000 135 5
100000 137 4
100000 137 5
100000 139 4
100000 139 5
100000 141 3
100000 141 4
100000 143 3
100000 143 4
100000 145 3
100000 145 4
100000 147 3
100000 147 4
100000 149 3
100000 149 4
100000 151 2
100000 151 3
100000 153 2
100000 153 3
100000 155 2
100000 155 3
100000 157 2
100000 157 3
100000 159 2
100000 159 3
100000 161 1
100000 161 2
100000 163 1
100000 163 2
100000 165 1
100000 165 2
100000 167 1
100000 167 2
100000 169 1
100000 169 2
100000 171 0
100000 171 1
100000 173 0
100000 173 1
100000 175 6
100000 175 7
100000 177 6
100000 177 7
100000 179 6
100000 179 7
100000 181 6
100000 181 7
100000 183 6
100000 183 7
100000 185 5
100000 185 6
100000 187 5
100000 187 6
100000 189 5
100000 189 6
100000 191 5
100000 191 6
100000 193 5
100000 193 6
100000 195 4
100000 195 5
100000 197 4
100000 197 5
100000 199 4
100000 199 5
100000 201 4
100000 201 5
100000 203 4
100000 203 5
100000 205 3
100000 205 4
100000 207 3
100000 207 4
100000 209 3
100000 209 4
100000 211 3
100000 211 4
100000 213 3
100000 213 4
100000 215 2
100000 215 3
100000 217 2
100000 217 3
100000 219 2
100000 219 3
100000 221 2
100000 221 3
100000 223 2
100000 223 3
100000 225 1
100000 225 2
100000 227 1
100000 227 2
100000 229 1
100000 229 2
100000 231 0
100000 231 1
100000 233 0
100000 233 1
100000 235 7
100000 235 8
100000 237 7
100000 237 8
100000 239 7
100000 239 8
100000 241 7
100000 241 8
100000 243 7
100000 243 8
100000 245 6
100000 245 7
100000 247 6
100000 247 7
100000 249 6
100000 249 7
100000 251 6
100000 251 7
100000 253 6
100000 253 7
100000 255 5
100000 255 6
100000 257 5
100000 257 6
100000 259 5
100000 259 6
100000 261 5
100000 261 6
100000 263 5
100000 263 6
100000 265 4
100000 265 5
100000 267 4
100000 267 5
100000 269 4
100000 269 5
100000 271 4
100000 271 5
100000 273 4
100000 273 5
100000 275 3
100000 275 4
100000 277 3
100000 277 4
100000 279 3
100000 279 4
100000 281 3
100000 281 4
100000 283 3
100000 283 4
100000 285 2
100000 285 3
100000 286 1
100000 286 2
100000 288 1
100000 288 2
100000 290 0
100000 290 1
100000 292 0
100000 292 1
100000 294 0
100000 294 1
100000 296 2
100000 296 3
100000 298 2
100000 298 3
100000 300 1
100000 300 2
100000 302 1
100000 302 2
100000 304 8
100000 304 9
100000 306 8
100000 306 9
100000 308 8
100000 308 9
100000 310 8
100000 310 9
100000 312 8
100000 312 9
100000 314 7
100000 314 8
100000 316 7
100000 316 8
100000 318 7
100000 318 8
100000 320 7
100000 320 8
100000 322 7
100000 322 8
100000 324 6
100000 324 7
100000 326 6
100000 326 7
100000 328 6
100000 328 7
100000 330 6
100000 330 7
100000 332 6
100000 332 7
100000 334 5
100000 334 6
100000 336 5
100000 336 6
100000 338 5
100000 338 6
100000 340 5
100000 340 6
100000 342 5
100000 342 6
100000 344 4
100000 344 5
100000 346 4
100000 346 5
100000 348 4
100000 348 5
100000 350 4
100000 350 5
100000 352 4
100000 352 5
100000 354 3
100000 354 4
100000 355 2
100000 355 3
100000 357 2
100000 357 3
100000 359 1
100000 359 2
100000 361 1
100000 361 2
100000 363 1
100000 363 2
100000 365 0
100000 365 1
100000 367 0
100000 367 1
100000 369 3
100000 369 4
100000 371 3
100000 371 4
100000 373 2
100000 373 3
100000 375 2
100000 375 3
100000 377 3
100000 377 4
100000 379 3
100000 379 4
100000 381 2
100000 381 3
100000 383 2
100000 383 3
100000 385 2
100000 385 3
100000 387 1
100000 387 2
100000 389 1
100000 389 2
100000 391 1
100000 391 2
100000 393 0
100000 393 1
100000 395 0
100000 395 1
100000 397 1
100000 397 2
100000 399 1
100000 399 2
100000 401 4
100000 401 5
100000 403 4
100000 403 5
100000 405 5
100000 405 6
100000 406 4
100000 406 5
100000 407 3
100000 407 4
100000 409 3
100000 409 4
100000 411 3
100000 411 4
100000 412 2
100000 412 3
100000 414 2
100000 414 3
100000 416 2
100000 416 3
100000 418 1
100000 418 2
100000 420 1
100000 420 2
100000 422 1
100000 422 2
100000 424 0
100000 424 1
100000 426 0
100000 426 1
100000 428 0
100000 428 1
100000 430 3
100000 430 4
100000 432 3
100000 432 4
100000 434 3
100000 434 4
100000 436 2
100000 436 3
100000 438 2
100000 438 3
100000 440 2
100000 440 3
100000 442 5
100000 442 6
100000 444 5
100000 444 6
100000 446 6
100000 446 7
100000 448 6
100000 448 7
100000 450 5
100000 450 6
100000 452 6
100000 452 7
100000 454 5
100000 454 6
100000 456 5
100000 456 6
100000 458 4
100000 458 5
100000 460 4
100000 460 5
100000 462 7
100000 462 8
100000 464 7
100000 464 8
100000 466 6
100000 466 7
100000 468 7
100000 468 8
100000 470 6
100000 470 7
100000 472 6
100000 472 7
100000 473 5
100000 473 6
100000 474 4
100000 474 5
100000 476 3
100000 476 4
100000 478 3
100000 478 4
100000 480 3
100000 480 4
100000 482 2
100000 482 3
100000 484 2
100000 484 3
100000 486 1
100000 486 2
100000 488 2
100000 488 3
100000 490 1
100000 490 2
100000 492 1
100000 492 2
100000 494 5
100000 494 6
100000 496 5
100000 496 6
100000 497 4
100000 497 5
100000 499 4
100000 499 5
100000 501 4
100000 501 5
100000 503 5
100000 503 6
100000 505 5
100000 505 6
100000 507 8
100000 507 9
100000 509 8
100000 509 9
100000 511 7
100000 511 8
100000 513 8
100000 513 9
100000 515 7
100000 515 8
100000 517 7
100000 517 8
100000 518 6
100000 518 7
100000 519 5
100000 519 6
100000 521 6
100000 521 7
100000 523 6
100000 523 7
