3508 3628
1249 0 0
2500 0 1
5000 0 2
-1250 2 1
5000 4 1
-2500 6 0
7500 8 0
2500 8 2
-2500 8 3
-1249 8 4
-2500 8 5
-2500 8 6
2500 8 7
1249 8 8
-1250 8 9
5000 8 10
-5000 10 9
5000 12 9
5000 12 10
1249 14 8
5000 16 8
-5000 18 7
5000 20 7
-1250 22 6
5000 24 6
2500 26 5
5000 28 5
-5000 30 4
5000 32 4
5000 34 3
5000 36 4
5000 36 5
5000 36 7
5000 36 11
5000 36 12
-2500 36 14
2500 36 15
5000 36 16
2500 38 15
5000 38 17
5000 41 15
2500 43 14
-7500 45 14
8750 45 15
5000 45 16
5000 47 15
-5000 47 16
5000 49 15
5000 49 16
5000 51 15
5000 53 14
-5000 53 15
5000 55 14
5000 55 15
5000 57 14
5000 59 13
-5000 59 14
5000 61 13
5000 61 14
5000 63 13
5000 65 12
-5000 65 13
5000 67 12
5000 67 13
5000 69 12
5000 71 11
-5000 71 12
5000 73 11
5000 73 12
5000 75 11
5000 77 10
-5000 77 11
5000 79 10
5000 79 11
5000 81 10
5000 81 11
5000 81 12
5000 81 13
5000 81 14
5000 81 15
5000 81 16
5000 81 17
5000 83 16
5000 83 17
-5000 85 16
5000 85 17
5000 87 16
5000 89 15
5000 89 16
-5000 91 15
5000 91 16
5000 93 15
5000 95 14
5000 95 15
-5000 97 14
5000 97 15
5000 99 14
5000 101 13
5000 101 14
-5000 103 13
5000 103 14
5000 105 13
5000 107 12
5000 107 13
-5000 109 12
5000 109 13
5000 111 12
5000 113 11
5000 113 12
-5000 115 11
5000 115 12
5000 117 11
5000 117 12
5000 117 13
5000 117 14
5000 117 15
5000 117 16
-5000 117 17
5000 119 16
5000 121 15
-5000 121 16
5000 123 15
5000 123 16
5000 125 15
5000 127 14
-5000 127 15
5000 129 14
5000 129 15
5000 131 14
5000 133 13
-5000 133 14
5000 135 13
5000 135 14
5000 137 13
5000 139 12
-5000 139 13
5000 141 12
5000 141 13
5000 143 12
5000 143 13
5000 143 14
5000 143 15
5000 143 16
5000 143 17
5000 145 16
5000 145 17
-5000 147 16
5000 147 17
5000 149 16
5000 151 15
5000 151 16
-5000 153 15
5000 153 16
5000 155 15
5000 157 14
5000 157 15
-5000 159 14
5000 159 15
5000 161 14
5000 163 13
5000 163 14
-5000 165 13
5000 165 14
5000 167 13
5000 167 14
5000 167 15
5000 167 16
-5000 167 17
5000 169 16
5000 171 15
-5000 171 16
5000 173 15
5000 173 16
5000 175 15
5000 177 14
-5000 177 15
5000 179 14
5000 179 15
5000 181 14
5000 181 15
5000 181 16
5000 181 17
5000 183 16
5000 183 17
-5000 185 16
5000 185 17
5000 187 16
5000 189 15
5000 189 16
-5000 191 15
5000 191 16
5000 193 15
5000 193 16
-5000 193 17
5000 195 16
5000 195 17
5000 196 9
-5000 196 10
5000 198 9
5000 198 10
5000 200 10
5000 202 10
5000 202 11
-5000 204 10
5000 204 11
5000 206 10
5000 206 11
5000 208 11
-5000 208 12
5000 210 11
5000 210 12
5000 212 11
5000 212 12
5000 214 12
5000 214 13
-5000 216 12
5000 216 13
5000 218 12
5000 218 13
5000 220 13
-5000 220 14
5000 222 13
5000 222 14
5000 224 13
5000 224 14
5000 226 14
5000 226 15
-5000 228 14
5000 228 15
5000 230 14
5000 230 15
5000 232 15
-5000 232 16
5000 234 15
5000 234 16
5000 236 15
5000 236 16
5000 238 16
5000 238 17
-5000 240 16
5000 240 17
5000 242 9
5000 242 16
-5000 242 17
5000 244 8
-5000 244 9
5000 246 8
5000 246 9
5000 248 8
5000 250 7
-5000 250 8
5000 252 7
5000 252 8
5000 254 7
5000 256 6
-5000 256 7
5000 258 6
5000 258 7
5000 260 6
5000 262 5
-5000 262 6
5000 264 5
5000 264 6
5000 266 5
5000 268 4
-5000 268 5
5000 270 4
5000 270 5
5000 272 4
5000 274 3
-5000 274 4
5000 276 3
5000 276 4
5000 278 3
5000 280 2
-5000 280 3
5000 282 2
5000 282 3
5000 284 2
5000 286 1
-5000 286 2
5000 288 1
5000 288 2
5000 290 1
5000 292 0
5000 292 1
5000 294 0
5000 294 1
2500 296 0
5000 296 1
5000 296 2
5000 296 3
5000 296 4
5000 296 5
5000 296 6
5000 296 7
5000 296 8
5000 296 9
5000 298 9
5000 298 10
-5000 300 9
5000 300 10
5000 302 10
5000 304 10
-5000 304 11
5000 306 10
5000 306 11
5000 308 10
5000 308 11
5000 310 11
5000 310 12
-5000 312 11
5000 312 12
5000 314 11
5000 314 12
5000 316 12
-5000 316 13
5000 318 12
5000 318 13
5000 320 12
5000 320 13
5000 322 13
5000 322 14
-5000 324 13
5000 324 14
5000 326 13
5000 326 14
5000 328 14
-5000 328 15
5000 330 14
5000 330 15
5000 332 14
5000 332 15
5000 334 15
5000 334 16
-5000 336 15
5000 336 16
5000 338 15
5000 338 16
5000 340 9
5000 340 16
5000 340 17
5000 342 8
5000 342 9
-5000 344 8
5000 344 9
5000 346 8
5000 348 7
5000 348 8
-5000 350 7
5000 350 8
5000 352 7
5000 354 6
5000 354 7
-5000 356 6
5000 356 7
5000 358 6
5000 360 5
5000 360 6
-5000 362 5
5000 362 6
5000 364 5
5000 366 4
5000 366 5
-5000 368 4
5000 368 5
5000 370 4
5000 372 3
5000 372 4
-5000 374 3
5000 374 4
5000 376 3
5000 378 2
5000 378 3
5000 380 2
5000 380 3
5000 382 2
5000 384 1
-5000 384 2
5000 386 1
5000 388 0
5000 388 2
5000 390 1
5000 390 2
5000 390 3
5000 390 4
5000 390 5
5000 390 6
5000 390 7
5000 390 8
5000 390 9
5000 392 9
-5000 392 10
5000 394 9
5000 394 10
5000 396 10
5000 398 10
5000 398 11
-5000 400 10
5000 400 11
5000 402 10
5000 402 11
5000 404 11
-5000 404 12
5000 406 11
5000 406 12
5000 408 11
5000 408 12
5000 410 12
5000 410 13
-5000 412 12
5000 412 13
5000 414 12
5000 414 13
5000 416 13
-5000 416 14
5000 418 13
5000 418 14
5000 420 13
5000 420 14
5000 422 14
5000 422 15
-5000 424 14
5000 424 15
5000 426 14
5000 426 15
5000 428 15
-5000 428 16
5000 430 15
5000 430 16
5000 432 15
5000 432 16
5000 434 16
5000 434 17
-5000 436 16
5000 436 17
5000 438 9
5000 438 16
-5000 438 17
5000 440 8
-5000 440 9
5000 442 8
5000 442 9
5000 444 8
5000 446 7
-5000 446 8
5000 448 7
5000 448 8
5000 450 7
5000 452 6
-5000 452 7
5000 454 6
5000 454 7
5000 456 6
5000 458 5
-5000 458 6
5000 460 5
5000 460 6
5000 462 5
5000 464 4
-5000 464 5
5000 466 4
5000 466 5
5000 468 4
5000 470 3
-5000 470 4
5000 472 3
5000 472 4
5000 474 3
5000 476 2
5000 476 3
5000 478 2
5000 478 3
-1250 480 2
5000 482 1
-5000 482 2
5000 484 1
5000 484 2
5000 486 1
5000 488 0
-5000 488 1
5000 490 0
5000 490 1
-5000 492 0
5000 492 1
5000 492 2
5000 492 3
5000 492 4
5000 492 5
5000 492 6
5000 492 7
5000 492 8
5000 492 9
5000 494 9
5000 494 10
-5000 496 9
5000 496 10
5000 498 10
5000 500 10
-5000 500 11
5000 502 10
5000 502 11
5000 504 10
5000 504 11
5000 506 11
5000 506 12
-5000 508 11
5000 508 12
5000 510 11
5000 510 12
5000 512 12
-5000 512 13
5000 514 12
5000 514 13
5000 516 12
5000 516 13
5000 518 13
5000 518 14
-5000 520 13
5000 520 14
5000 522 13
5000 522 14
5000 524 14
-5000 524 15
5000 526 14
5000 526 15
5000 528 14
5000 528 15
5000 530 15
5000 530 16
-5000 532 15
5000 532 16
5000 534 15
5000 534 16
5000 536 9
5000 536 16
5000 536 17
5000 538 8
5000 538 9
-5000 540 8
5000 540 9
5000 542 8
5000 544 7
5000 544 8
-5000 546 7
5000 546 8
5000 548 7
5000 550 6
5000 550 7
-5000 552 6
5000 552 7
5000 554 6
5000 556 5
5000 556 6
-5000 558 5
5000 558 6
5000 560 5
5000 562 4
5000 562 5
-5000 564 4
5000 564 5
5000 566 4
5000 568 3
-5000 568 4
5000 570 3
5000 570 4
5000 573 2
5000 573 3
5000 575 2
5000 575 3
5000 577 2
-5000 579 1
5000 579 2
5000 581 1
5000 581 2
5000 583 1
5000 585 0
5000 585 1
5000 585 2
5000 585 3
5000 585 4
5000 585 5
5000 585 6
5000 585 7
5000 585 8
5000 585 9
5000 587 9
-5000 587 10
5000 589 9
5000 589 10
5000 591 10
5000 593 10
5000 593 11
-5000 595 10
5000 595 11
5000 597 10
5000 597 11
5000 599 11
-5000 599 12
5000 601 11
5000 601 12
5000 603 11
5000 603 12
5000 605 12
5000 605 13
-5000 607 12
5000 607 13
5000 609 12
5000 609 13
5000 611 13
-5000 611 14
5000 613 13
5000 613 14
5000 615 13
5000 615 14
5000 617 14
5000 617 15
-5000 619 14
5000 619 15
5000 621 14
5000 621 15
5000 623 15
-5000 623 16
5000 625 15
5000 625 16
5000 627 15
5000 627 16
5000 629 16
5000 629 17
-5000 631 16
5000 631 17
5000 633 9
5000 633 16
-5000 633 17
5000 635 8
-5000 635 9
5000 637 8
5000 637 9
5000 639 8
5000 641 7
-5000 641 8
5000 643 7
5000 643 8
5000 645 7
5000 647 6
-5000 647 7
5000 649 6
5000 649 7
5000 651 6
5000 653 5
-5000 653 6
5000 655 5
5000 655 6
5000 657 5
5000 659 4
-5000 659 5
5000 661 4
5000 661 5
1249 663 4
-5000 665 3
-5000 665 4
5000 667 3
5000 667 4
5000 669 3
-5000 671 2
5000 671 3
5000 673 2
5000 673 3
5000 675 2
5000 677 1
-5000 677 2
5000 679 1
5000 679 2
5000 681 1
5000 683 0
-5000 683 1
5000 685 0
5000 685 1
-5000 687 0
5000 687 1
5000 687 2
5000 687 3
5000 687 4
-5000 687 5
5000 687 6
5000 687 7
5000 687 8
5000 687 9
5000 689 9
5000 689 10
-5000 691 9
5000 691 10
5000 693 10
5000 695 10
-5000 695 11
5000 697 10
5000 697 11
5000 699 10
5000 699 11
5000 701 11
5000 701 12
-5000 703 11
5000 703 12
5000 705 11
5000 705 12
5000 707 12
-5000 707 13
5000 709 12
5000 709 13
5000 711 12
5000 711 13
5000 713 13
5000 713 14
-5000 715 13
5000 715 14
5000 717 13
5000 717 14
5000 719 14
-5000 719 15
5000 721 14
5000 721 15
5000 723 14
5000 723 15
5000 725 15
5000 725 16
-5000 727 15
5000 727 16
5000 729 15
5000 729 16
5000 731 9
5000 731 16
5000 731 17
5000 733 8
5000 733 9
-5000 735 8
5000 735 9
5000 737 8
5000 739 7
5000 739 8
-5000 741 7
5000 741 8
5000 743 7
5000 745 6
5000 745 7
-5000 747 6
5000 747 7
2500 750 6
5000 752 5
-5000 752 6
5000 754 5
5000 754 6
5000 757 4
5000 757 5
5000 759 4
5000 759 5
5000 761 4
5000 763 3
-5000 763 4
5000 765 3
5000 765 4
5000 767 3
-5000 769 2
5000 769 3
5000 771 2
5000 771 3
5000 773 2
5000 775 1
-5000 775 2
5000 777 1
5000 777 2
5000 779 1
5000 781 0
5000 781 1
5000 781 2
5000 781 3
5000 781 4
5000 781 5
5000 781 6
5000 781 7
5000 781 8
5000 781 9
5000 783 9
-5000 783 10
5000 785 9
5000 785 10
5000 787 10
5000 789 10
5000 789 11
-5000 791 10
5000 791 11
5000 793 10
5000 793 11
5000 795 11
-5000 795 12
5000 797 11
5000 797 12
5000 799 11
5000 799 12
5000 801 12
5000 801 13
-5000 803 12
5000 803 13
5000 805 12
5000 805 13
5000 807 13
-5000 807 14
5000 809 13
5000 809 14
5000 811 13
5000 811 14
5000 813 14
5000 813 15
-5000 815 14
5000 815 15
5000 817 14
5000 817 15
5000 819 15
-5000 819 16
5000 821 15
5000 821 16
5000 823 15
5000 823 16
5000 825 16
5000 825 17
-5000 827 16
5000 827 17
5000 829 9
5000 829 16
-5000 829 17
5000 831 8
-5000 831 9
5000 833 8
5000 833 9
5000 835 8
5000 837 7
-5000 837 8
5000 839 7
5000 839 8
5000 841 7
5000 843 6
-5000 843 7
5000 845 6
5000 845 7
-5000 848 5
5000 848 6
5000 850 5
5000 850 6
5000 852 5
-5000 854 4
5000 854 5
5000 856 4
5000 856 5
5000 858 4
-5000 860 3
5000 860 4
5000 862 3
5000 862 4
5000 864 3
-5000 866 2
5000 866 3
5000 868 2
5000 868 3
5000 870 2
5000 872 1
-5000 872 2
5000 874 1
5000 874 2
5000 876 1
5000 878 0
-5000 878 1
5000 880 0
5000 880 1
-5000 882 0
5000 882 1
5000 882 2
5000 882 3
5000 882 4
5000 882 5
5000 882 6
-5000 882 7
5000 882 8
5000 882 9
5000 884 9
5000 884 10
-5000 886 9
5000 886 10
5000 888 10
5000 890 10
-5000 890 11
5000 892 10
5000 892 11
5000 894 10
5000 894 11
5000 896 11
5000 896 12
-5000 898 11
5000 898 12
5000 900 11
5000 900 12
5000 902 12
-5000 902 13
5000 904 12
5000 904 13
5000 906 12
5000 906 13
5000 908 13
5000 908 14
-5000 910 13
5000 910 14
5000 912 13
5000 912 14
5000 914 14
-5000 914 15
5000 916 14
5000 916 15
5000 918 14
5000 918 15
5000 920 15
5000 920 16
-5000 922 15
5000 922 16
5000 924 15
5000 924 16
5000 926 9
5000 926 16
5000 926 17
5000 928 8
5000 928 9
5000 930 8
5000 930 9
-4127 933 8
5000 935 7
5000 935 8
-5000 937 7
5000 937 8
5000 940 6
5000 940 7
5000 942 6
5000 942 7
5000 944 6
5000 946 5
-5000 946 6
5000 948 5
5000 948 6
5000 950 5
5000 952 4
-5000 952 5
5000 954 4
5000 954 5
5000 956 4
5000 958 3
-5000 958 4
5000 960 3
5000 960 4
5000 962 3
-5000 964 2
5000 964 3
5000 966 2
5000 966 3
5000 968 2
-5000 970 1
5000 970 2
5000 972 1
5000 972 2
5000 974 1
5000 976 0
5000 976 1
5000 976 2
5000 976 3
5000 976 4
5000 976 5
5000 976 6
5000 976 7
5000 976 8
5000 976 9
5000 978 9
-5000 978 10
5000 980 9
5000 980 10
5000 982 10
5000 984 10
5000 984 11
-5000 986 10
5000 986 11
5000 988 11
5000 990 11
-5000 990 12
5000 992 11
5000 992 12
5000 994 11
5000 994 12
5000 996 12
5000 996 13
-5000 998 12
5000 998 13
5000 1000 13
5000 1002 13
-5000 1002 14
5000 1004 13
5000 1004 14
5000 1006 13
5000 1006 14
5000 1008 14
5000 1008 15
-5000 1010 14
5000 1010 15
5000 1012 15
5000 1014 15
-5000 1014 16
5000 1016 15
5000 1016 16
5000 1018 15
5000 1018 16
5000 1020 16
5000 1020 17
-5000 1022 16
5000 1022 17
5000 1024 9
5000 1024 16
5000 1024 17
5000 1026 8
5000 1026 9
-5000 1028 8
5000 1028 9
5000 1030 8
-5000 1032 7
5000 1032 8
5000 1034 7
5000 1034 8
5000 1036 7
-5000 1038 6
5000 1038 7
5000 1040 6
5000 1040 7
5000 1042 6
-5000 1044 5
5000 1044 6
5000 1046 5
5000 1046 6
5000 1048 5
-5000 1050 4
5000 1050 5
5000 1052 4
5000 1052 5
5000 1054 4
-5000 1056 3
5000 1056 4
5000 1058 3
5000 1058 4
5000 1060 3
-5000 1062 2
5000 1062 3
5000 1064 2
5000 1064 3
5000 1066 2
5000 1068 1
-5000 1068 2
5000 1070 1
5000 1070 2
5000 1072 1
5000 1074 0
-5000 1074 1
5000 1076 0
5000 1076 1
-5000 1078 0
5000 1078 1
5000 1078 2
5000 1078 3
5000 1078 4
5000 1078 5
5000 1078 6
5000 1078 7
5000 1078 8
-5000 1078 9
5000 1080 10
5000 1082 9
5000 1082 10
-5000 1084 9
5000 1084 10
5000 1086 10
5000 1088 10
5000 1088 11
5000 1090 10
5000 1090 11
-2500 1092 10
-5000 1092 11
5000 1094 12
5000 1096 11
5000 1096 12
-5000 1098 11
5000 1098 12
5000 1100 12
5000 1102 12
5000 1102 13
5000 1104 12
5000 1104 13
-5000 1106 13
5000 1108 14
5000 1110 13
5000 1110 14
-5000 1112 13
5000 1112 14
5000 1114 14
5000 1116 14
-5000 1116 15
-5000 1118 14
5000 1118 15
5000 1120 15
5000 1122 15
5000 1122 16
-5000 1124 15
5000 1124 16
5000 1126 16
5000 1128 8
5000 1128 9
5000 1130 8
5000 1130 9
5000 1132 8
5000 1134 7
-5000 1134 8
5000 1136 7
5000 1136 8
5000 1138 7
5000 1140 6
-5000 1140 7
5000 1142 6
5000 1142 7
5000 1144 6
5000 1146 5
-5000 1146 6
5000 1148 5
5000 1148 6
5000 1150 5
5000 1152 4
-5000 1152 5
5000 1154 4
5000 1154 5
5000 1156 4
5000 1158 3
-5000 1158 4
5000 1160 3
5000 1160 4
5000 1162 3
-5000 1164 2
5000 1164 3
5000 1166 2
5000 1166 3
5000 1168 2
5000 1170 1
-5000 1170 2
5000 1172 1
5000 1172 2
5000 1174 1
5000 1176 0
5000 1176 1
5000 1176 2
5000 1176 3
5000 1176 4
5000 1176 5
5000 1176 6
5000 1176 7
5000 1176 8
5000 1176 9
-5000 1178 9
5000 1178 10
5000 1180 9
5000 1180 10
5000 1182 10
5000 1184 10
5000 1184 11
5000 1186 10
5000 1186 11
5000 1188 10
5000 1188 11
-5000 1190 11
5000 1190 12
5000 1192 11
5000 1192 12
5000 1194 11
5000 1194 12
5000 1196 12
5000 1196 13
5000 1198 12
5000 1198 13
5000 1200 12
5000 1200 13
-5000 1202 13
5000 1202 14
5000 1204 13
5000 1204 14
5000 1206 13
5000 1206 14
5000 1208 14
5000 1208 15
5000 1210 14
5000 1210 15
5000 1212 14
5000 1212 15
5000 1214 15
5000 1214 16
5000 1216 15
5000 1216 16
5000 1219 15
3333 1219 16
5000 1221 16
5000 1221 17
5000 1223 16
-5000 1223 17
5000 1225 9
5000 1225 16
-5000 1227 8
5000 1227 9
5000 1229 8
5000 1229 9
5000 1231 8
-5000 1233 7
5000 1233 8
5000 1235 7
5000 1235 8
5000 1237 7
-5000 1239 6
5000 1239 7
5000 1241 6
5000 1241 7
5000 1243 6
-5000 1245 5
5000 1245 6
5000 1247 5
5000 1247 6
5000 1249 5
-5000 1251 4
5000 1251 5
5000 1253 4
5000 1253 5
5000 1255 4
-5000 1257 3
5000 1257 4
5000 1259 3
5000 1259 4
5000 1261 3
-5000 1263 2
5000 1263 3
5000 1265 2
5000 1265 3
5000 1267 2
5000 1269 1
-5000 1269 2
5000 1271 1
5000 1271 2
5000 1273 1
5000 1275 0
-5000 1275 1
5000 1277 0
5000 1277 1
-5000 1279 0
5000 1279 1
5000 1279 2
5000 1279 3
5000 1279 4
5000 1279 5
5000 1279 6
5000 1279 7
5000 1279 8
5000 1279 9
5000 1281 9
-5000 1281 10
5000 1283 9
5000 1283 10
5000 1285 10
-5000 1287 10
5000 1287 11
5000 1289 10
5000 1289 11
5000 1291 10
5000 1291 11
5000 1293 11
-5000 1293 12
5000 1295 11
5000 1295 12
5000 1297 11
5000 1297 12
-5000 1299 12
5000 1299 13
5000 1301 12
5000 1301 13
5000 1303 12
5000 1303 13
5000 1305 13
-5000 1305 14
5000 1307 13
5000 1307 14
5000 1309 13
5000 1309 14
5000 1311 14
-5000 1311 15
5000 1313 14
-5000 1313 15
5000 1315 14
5000 1315 15
5000 1317 15
-5000 1317 16
5000 1319 15
5000 1319 16
5000 1322 9
5000 1322 15
5000 1322 16
5000 1322 17
5000 1324 8
-5000 1324 9
5000 1326 8
5000 1326 9
5000 1328 8
5000 1330 7
-5000 1330 8
5000 1332 7
5000 1332 8
5000 1334 7
5000 1336 6
-5000 1336 7
5000 1338 6
5000 1338 7
5000 1340 6
5000 1342 5
-5000 1342 6
5000 1344 5
5000 1344 6
5000 1346 5
5000 1348 4
-5000 1348 5
5000 1350 4
5000 1350 5
5000 1352 4
5000 1354 3
-5000 1354 4
5000 1356 3
5000 1356 4
5000 1358 3
-5000 1360 2
5000 1360 3
5000 1362 2
5000 1362 3
5000 1364 2
-5000 1366 1
5000 1366 2
5000 1368 1
5000 1368 2
5000 1370 1
5000 1372 0
5000 1372 1
5000 1372 2
5000 1372 3
5000 1372 4
5000 1372 5
5000 1372 6
5000 1372 7
5000 1372 8
5000 1372 9
-5000 1374 9
5000 1374 10
5000 1376 9
5000 1376 10
5000 1378 10
5000 1380 10
-5000 1380 11
5000 1382 10
5000 1382 11
5000 1384 10
5000 1384 11
-5000 1386 11
5000 1386 12
5000 1388 11
5000 1388 12
5000 1390 11
5000 1390 12
5000 1392 12
-5000 1392 13
5000 1394 12
5000 1394 13
5000 1396 12
5000 1396 13
5000 1398 13
-5000 1398 14
5000 1400 13
5000 1400 14
5000 1402 13
5872 1403 14
5000 1405 14
5000 1405 15
5000 1407 14
5000 1407 15
5000 1410 14
5000 1410 15
-5000 1410 16
5000 1412 15
5000 1412 16
5000 1414 15
5000 1414 16
5000 1416 16
5000 1416 17
-5000 1418 16
5000 1418 17
5000 1420 9
5000 1420 16
-5000 1420 17
-5000 1422 8
5000 1422 9
5000 1424 8
5000 1424 9
5000 1426 8
-5000 1428 7
5000 1428 8
5000 1430 7
5000 1430 8
5000 1432 7
-5000 1434 6
5000 1434 7
5000 1436 6
5000 1436 7
5000 1438 6
-5000 1440 5
5000 1440 6
5000 1442 5
5000 1442 6
5000 1444 5
-5000 1446 4
5000 1446 5
5000 1448 4
5000 1448 5
5000 1450 4
-5000 1452 3
5000 1452 4
5000 1454 3
5000 1454 4
5000 1456 3
-5000 1458 2
5000 1458 3
5000 1460 2
5000 1460 3
5000 1462 2
5000 1464 1
-5000 1464 2
5000 1466 1
5000 1466 2
5000 1468 1
5000 1470 0
-5000 1470 1
5000 1472 0
5000 1472 1
-5000 1474 0
5000 1474 1
5000 1474 2
5000 1474 3
5000 1474 4
5000 1474 5
5000 1474 6
5000 1474 7
5000 1474 8
5000 1474 9
5000 1476 9
-5000 1476 10
5000 1478 9
5000 1478 10
5000 1480 10
-5000 1482 10
5000 1482 11
5000 1484 10
5000 1484 11
5000 1486 10
5000 1486 11
5000 1488 11
-5000 1488 12
5000 1490 11
5000 1490 12
5000 1492 11
5000 1492 12
5000 1494 12
-5000 1494 13
5000 1496 12
-5000 1496 13
5000 1498 12
-2500 1499 13
5000 1501 13
5000 1501 14
5000 1503 13
5000 1503 14
5000 1506 13
5000 1506 14
-5000 1506 15
5000 1508 14
5000 1508 15
5000 1510 14
5000 1510 15
5000 1512 15
5000 1512 16
-5000 1514 15
5000 1514 16
5000 1516 15
5000 1516 16
5000 1518 9
5000 1518 16
5000 1518 17
5000 1520 8
-5000 1520 9
5000 1522 8
5000 1522 9
5000 1524 8
5000 1526 7
-5000 1526 8
5000 1528 7
5000 1528 8
5000 1530 7
5000 1532 6
-5000 1532 7
5000 1534 6
5000 1534 7
5000 1536 6
5000 1538 5
-5000 1538 6
5000 1540 5
5000 1540 6
5000 1542 5
5000 1544 4
-5000 1544 5
5000 1546 4
5000 1546 5
5000 1548 4
5000 1550 3
-5000 1550 4
5000 1552 3
5000 1552 4
5000 1554 3
-5000 1556 2
5000 1556 3
5000 1558 2
5000 1558 3
5000 1560 2
-5000 1562 1
5000 1562 2
5000 1564 1
5000 1564 2
5000 1566 1
5000 1568 0
5000 1568 1
5000 1568 2
5000 1568 3
5000 1568 4
5000 1568 5
5000 1568 6
5000 1568 7
5000 1568 8
5000 1568 9
-5000 1570 9
5000 1570 10
5000 1572 9
5000 1572 10
5000 1574 10
5000 1576 10
-5000 1576 11
5000 1578 10
5000 1578 11
5000 1580 10
5000 1580 11
-5000 1582 11
5000 1582 12
5000 1584 11
5000 1584 12
5000 1586 11
5000 1587 12
5000 1589 12
5000 1589 13
5000 1591 12
5000 1591 13
5000 1594 12
5000 1594 13
-5000 1594 14
5000 1596 13
5000 1596 14
5000 1598 13
5000 1598 14
5000 1600 14
5000 1600 15
-5000 1602 14
5000 1602 15
5000 1604 14
5000 1604 15
5000 1606 15
-5000 1606 16
5000 1608 15
5000 1608 16
5000 1610 15
5000 1610 16
5000 1612 16
5000 1612 17
-5000 1614 16
5000 1614 17
5000 1616 9
5000 1616 16
-5000 1616 17
-5000 1618 8
5000 1618 9
5000 1620 8
5000 1620 9
5000 1622 8
-5000 1624 7
5000 1624 8
5000 1626 7
5000 1626 8
5000 1628 7
-5000 1630 6
5000 1630 7
5000 1632 6
5000 1632 7
5000 1634 6
-5000 1636 5
5000 1636 6
5000 1638 5
5000 1638 6
5000 1640 5
-5000 1642 4
5000 1642 5
5000 1644 4
5000 1644 5
5000 1646 4
-5000 1648 3
5000 1648 4
5000 1650 3
5000 1650 4
5000 1652 3
-5000 1654 2
5000 1654 3
5000 1656 2
5000 1656 3
5000 1658 2
5000 1660 1
-5000 1660 2
5000 1662 1
5000 1662 2
5000 1664 1
5000 1666 0
-5000 1666 1
5000 1668 0
5000 1668 1
-5000 1670 0
5000 1670 1
5000 1670 2
5000 1670 3
5000 1670 4
5000 1670 5
5000 1670 6
5000 1670 7
5000 1670 8
5000 1670 9
5000 1672 9
-5000 1672 10
5000 1674 9
5000 1674 10
5000 1676 10
5000 1678 10
-5000 1678 11
5000 1680 10
5000 1680 11
5000 1682 10
5000 1682 11
5000 1684 11
-5000 1684 12
5000 1686 11
5000 1686 12
5000 1689 11
5000 1689 12
-5000 1689 13
5000 1691 12
5000 1691 13
5000 1693 12
5000 1693 13
5000 1695 13
5000 1695 14
-5000 1697 13
5000 1697 14
5000 1699 13
5000 1699 14
5000 1701 14
-5000 1701 15
5000 1703 14
5000 1703 15
5000 1705 14
5000 1705 15
5000 1707 15
5000 1707 16
-5000 1709 15
5000 1709 16
5000 1711 15
5000 1711 16
5000 1713 9
5000 1713 16
5000 1713 17
5000 1715 8
-5000 1715 9
5000 1717 8
5000 1717 9
5000 1719 8
5000 1721 7
-5000 1721 8
5000 1723 7
5000 1723 8
5000 1725 7
5000 1727 6
-5000 1727 7
5000 1729 6
5000 1729 7
5000 1731 6
5000 1733 5
-5000 1733 6
5000 1735 5
5000 1735 6
5000 1737 5
5000 1739 4
-5000 1739 5
5000 1741 4
5000 1741 5
5000 1743 4
5000 1745 3
-5000 1745 4
5000 1747 3
5000 1747 4
5000 1749 3
-5000 1751 2
5000 1751 3
5000 1753 2
5000 1753 3
5000 1755 2
-5000 1757 1
5000 1757 2
5000 1759 1
5000 1759 2
5000 1761 1
5000 1763 0
5000 1763 1
5000 1763 2
5000 1763 3
5000 1763 4
5000 1763 5
5000 1763 6
5000 1763 7
5000 1763 8
5000 1763 9
5000 1765 9
-5000 1765 10
5000 1767 9
5000 1767 10
7266 1770 10
5000 1772 10
5000 1772 11
5000 1774 10
5000 1774 11
5000 1777 10
5000 1777 11
-5000 1777 12
5000 1779 11
5000 1779 12
5000 1781 11
5000 1781 12
5000 1783 12
5000 1783 13
-5000 1785 12
5000 1785 13
5000 1787 12
5000 1787 13
5000 1789 13
-5000 1789 14
5000 1791 13
5000 1791 14
5000 1793 13
5000 1793 14
5000 1795 14
5000 1795 15
-5000 1797 14
5000 1797 15
5000 1799 14
5000 1799 15
5000 1801 15
-5000 1801 16
5000 1803 15
5000 1803 16
5000 1805 15
5000 1805 16
5000 1807 16
5000 1807 17
-5000 1809 16
5000 1809 17
5000 1811 9
5000 1811 16
-5000 1811 17
5000 1813 8
-5000 1813 9
5000 1815 8
-5000 1815 9
5000 1817 8
5000 1819 7
-5000 1819 8
5000 1821 7
-5000 1821 8
5000 1823 7
-5000 1825 6
5000 1825 7
5000 1827 6
5000 1827 7
5000 1829 6
5000 1831 5
-5000 1831 6
5000 1833 5
-5000 1833 6
5000 1835 5
5000 1837 4
-5000 1837 5
5000 1839 4
5000 1839 5
5000 1841 4
5000 1843 3
-5000 1843 4
5000 1845 3
5000 1845 4
5000 1847 3
-5000 1849 2
5000 1849 3
5000 1851 2
5000 1851 3
5000 1853 2
5000 1855 1
-5000 1855 2
5000 1857 1
-5000 1857 2
5000 1859 1
5000 1861 0
-5000 1861 1
5000 1863 0
5000 1863 1
5000 1865 0
5000 1865 2
5000 1865 3
5000 1865 9
5000 1867 9
-5000 1867 10
5000 1869 10
5000 1871 9
-5000 1871 11
5000 1873 10
5000 1875 10
5000 1875 11
5000 1877 10
5000 1877 11
5000 1879 11
5000 1879 12
-5000 1881 11
5000 1881 12
5000 1883 11
5000 1883 12
5000 1885 12
-5000 1885 13
5000 1887 12
5000 1887 13
5000 1889 12
5000 1889 13
5000 1891 13
5000 1891 14
-5000 1893 13
5000 1893 14
5000 1895 13
5000 1895 14
5000 1897 14
-5000 1897 15
5000 1899 14
5000 1899 15
5000 1901 14
5000 1901 15
5000 1903 15
5000 1903 16
-5000 1905 15
5000 1905 16
5000 1907 15
5000 1907 16
5000 1909 9
5000 1909 16
5000 1909 17
2500 1911 8
5000 1913 8
5000 1913 9
5000 1915 8
5000 1915 9
-5000 1917 10
5000 1918 8
3750 1920 7
5000 1922 7
5000 1922 8
5000 1924 7
5000 1924 8
5000 1924 9
5000 1926 9
5000 1926 10
5000 1928 10
5000 1930 10
5000 1930 11
-5000 1932 10
5000 1932 11
5000 1934 10
5000 1934 11
5000 1936 11
-5000 1936 12
5000 1938 11
5000 1938 12
5000 1940 11
5000 1940 12
5000 1942 12
5000 1942 13
-5000 1944 12
5000 1944 13
5000 1946 12
5000 1946 13
5000 1948 13
-5000 1948 14
5000 1950 13
5000 1950 14
5000 1952 13
5000 1952 14
5000 1954 14
5000 1954 15
-5000 1956 14
5000 1956 15
5000 1958 14
5000 1958 15
5000 1960 15
-5000 1960 16
5000 1962 15
5000 1962 16
5000 1964 15
5000 1964 16
5000 1966 16
5000 1966 17
-5000 1968 16
5000 1968 17
5000 1970 9
5000 1970 16
-5000 1970 17
5000 1973 7
-2500 1975 6
5000 1977 6
5000 1977 7
5000 1979 6
5000 1979 7
5000 1979 8
-5000 1979 9
5000 1981 8
5000 1981 9
5000 1983 8
5000 1986 6
-3750 1988 5
5000 1990 5
5000 1990 6
5000 1992 5
5000 1992 6
5000 1992 7
-5000 1992 8
5000 1994 7
5000 1994 8
5000 1996 7
5000 1999 5
-6666 2001 4
5000 2003 4
5000 2003 5
5000 2005 4
5000 2005 5
5000 2005 6
-5000 2005 7
5000 2007 6
5000 2007 7
5000 2009 6
5000 2012 4
5000 2014 3
-5000 2014 4
5000 2016 3
5000 2016 4
5000 2016 5
-5000 2016 6
5000 2018 5
5000 2018 6
5000 2020 5
5000 2024 2
5000 2024 3
5000 2026 2
2500 2028 1
5000 2030 1
5000 2030 2
5000 2032 1
5000 2032 2
5000 2032 4
-5000 2032 5
5000 2034 4
5000 2034 5
5000 2036 4
5000 2038 3
5000 2038 4
5000 2040 3
5000 2040 4
5000 2042 4
5000 2044 3
5000 2047 1
2499 2049 1
5000 2049 2
5000 2049 3
-5000 2051 2
5000 2051 3
5000 2053 2
5000 2055 1
5000 2055 2
5000 2057 1
5000 2057 2
5000 2059 2
5000 2061 1
5000 2063 0
5000 2063 1
5000 2065 0
5000 2065 1
-5000 2067 1
5000 2067 3
5000 2067 5
5000 2067 6
5000 2067 7
5000 2067 8
5000 2067 9
5000 2069 9
5000 2069 10
-5000 2071 9
5000 2071 10
5000 2073 10
5000 2075 10
-5000 2075 11
5000 2077 10
5000 2077 11
5000 2079 10
5000 2079 11
5000 2081 11
5000 2081 12
-5000 2083 11
5000 2083 12
5000 2085 11
5000 2085 12
5000 2087 12
-5000 2087 13
5000 2089 12
5000 2089 13
5000 2091 12
5000 2091 13
5000 2093 13
5000 2093 14
-5000 2095 13
5000 2095 14
5000 2097 13
5000 2097 14
5000 2099 14
-5000 2099 15
5000 2101 14
5000 2101 15
5000 2103 14
5000 2103 15
5000 2105 15
5000 2105 16
-5000 2107 15
5000 2107 16
5000 2109 15
5000 2109 16
5000 2111 9
5000 2111 16
5000 2111 17
5000 2113 8
5000 2113 9
-5000 2115 8
5000 2115 9
5000 2117 8
5000 2119 7
5000 2119 8
-5000 2121 7
5000 2121 8
5000 2123 7
5000 2125 6
5000 2125 7
-5000 2127 6
5000 2127 7
5000 2129 6
5000 2131 5
5000 2131 6
-5000 2133 5
5000 2133 6
5000 2135 5
5000 2137 4
-5000 2137 5
5000 2139 4
5000 2139 5
5000 2142 4
5000 2144 3
5000 2144 4
5000 2146 3
5000 2146 4
-5000 2148 3
5000 2150 2
5000 2150 3
5000 2152 2
5000 2152 3
3333 2155 2
5000 2157 1
5000 2157 2
5000 2159 1
5000 2161 0
5000 2161 2
5000 2163 1
5000 2163 2
5000 2163 3
5000 2163 4
5000 2163 5
5000 2163 6
5000 2163 7
5000 2163 8
5000 2163 9
5000 2165 9
-5000 2165 10
5000 2167 9
5000 2167 10
5000 2169 10
5000 2171 10
5000 2171 11
-5000 2173 10
5000 2173 11
5000 2175 10
5000 2175 11
5000 2177 11
-5000 2177 12
5000 2179 11
5000 2179 12
5000 2181 11
5000 2181 12
5000 2183 12
5000 2183 13
-5000 2185 12
5000 2185 13
5000 2187 12
5000 2187 13
5000 2189 13
-5000 2189 14
5000 2191 13
5000 2191 14
5000 2193 13
5000 2193 14
5000 2195 14
5000 2195 15
-5000 2197 14
5000 2197 15
5000 2199 14
5000 2199 15
5000 2201 15
-5000 2201 16
5000 2203 15
5000 2203 16
5000 2205 15
5000 2205 16
5000 2207 16
5000 2207 17
-5000 2209 16
5000 2209 17
5000 2211 9
5000 2211 16
-5000 2211 17
5000 2213 8
-5000 2213 9
5000 2215 8
5000 2215 9
5000 2217 8
5000 2219 7
-5000 2219 8
5000 2221 7
5000 2221 8
5000 2223 7
5000 2225 6
-5000 2225 7
5000 2227 6
5000 2227 7
5000 2229 6
5000 2231 5
-5000 2231 6
-5000 2233 5
5000 2233 6
5000 2235 5
5000 2237 4
5000 2237 5
5000 2239 4
5000 2239 5
5000 2241 5
5000 2243 4
5000 2245 3
5000 2245 4
-5000 2247 3
5000 2247 4
5000 2249 3
5000 2251 2
5000 2251 3
5000 2253 2
5000 2253 3
-5000 2255 3
-5000 2255 4
5000 2255 6
5000 2255 7
5000 2255 8
5000 2255 9
5000 2257 9
5000 2257 10
-5000 2259 9
5000 2259 10
5000 2261 10
5000 2263 10
-5000 2263 11
5000 2265 10
5000 2265 11
5000 2267 10
5000 2267 11
5000 2269 11
5000 2269 12
-5000 2271 11
5000 2271 12
5000 2273 11
5000 2273 12
5000 2275 12
-5000 2275 13
5000 2277 12
5000 2277 13
5000 2279 12
5000 2279 13
5000 2281 13
5000 2281 14
-5000 2283 13
5000 2283 14
5000 2285 13
5000 2285 14
5000 2287 14
-5000 2287 15
5000 2289 14
5000 2289 15
5000 2291 14
5000 2291 15
5000 2293 15
5000 2293 16
-5000 2295 15
5000 2295 16
5000 2297 15
5000 2297 16
5000 2299 9
5000 2299 16
5000 2299 17
5000 2301 8
5000 2301 9
-5000 2303 8
5000 2303 9
5000 2305 8
5000 2307 7
5000 2307 8
-5000 2309 7
5000 2309 8
5000 2311 7
5000 2313 6
5000 2313 7
-5000 2315 6
5000 2315 7
5000 2317 6
5000 2319 5
-5000 2319 6
5000 2321 5
5000 2321 6
5000 2324 5
5000 2326 4
5000 2326 5
5000 2328 4
5000 2328 5
5000 2330 4
-8750 2333 2
-5000 2335 1
5000 2335 2
5000 2337 1
5000 2337 2
5000 2339 1
5000 2341 0
-5000 2341 1
5000 2343 0
5000 2343 1
-5000 2345 0
5000 2345 1
5000 2345 2
5000 2345 3
5000 2345 4
-5000 2347 3
5000 2347 4
5000 2350 2
5000 2350 3
5000 2352 2
5000 2352 3
5000 2354 2
-5000 2356 1
5000 2356 2
5000 2358 1
5000 2358 2
5000 2360 1
5000 2362 0
5000 2362 1
5000 2362 2
5000 2362 3
5000 2362 4
5000 2362 5
5000 2362 6
5000 2362 7
5000 2362 8
5000 2362 9
5000 2364 9
-5000 2364 10
5000 2366 9
5000 2366 10
5000 2368 10
5000 2370 10
5000 2370 11
-5000 2372 10
5000 2372 11
5000 2374 10
5000 2374 11
5000 2376 11
-5000 2376 12
5000 2378 11
5000 2378 12
5000 2380 11
5000 2380 12
5000 2382 12
5000 2382 13
-5000 2384 12
5000 2384 13
5000 2386 12
5000 2386 13
5000 2388 13
-5000 2388 14
5000 2390 13
5000 2390 14
5000 2392 13
5000 2392 14
5000 2394 14
5000 2394 15
-5000 2396 14
5000 2396 15
5000 2398 14
5000 2398 15
5000 2400 15
-5000 2400 16
5000 2402 15
5000 2402 16
5000 2404 15
5000 2404 16
5000 2406 16
5000 2406 17
-5000 2408 16
5000 2408 17
5000 2410 9
5000 2410 16
-5000 2410 17
5000 2412 8
-5000 2412 9
5000 2414 8
5000 2414 9
5000 2416 8
5000 2418 7
-5000 2418 8
5000 2420 7
5000 2420 8
5000 2422 7
5000 2424 6
5000 2424 7
5000 2426 6
5000 2426 7
5000 2428 6
5000 2430 5
5000 2430 6
5000 2432 5
5000 2432 6
5000 2434 6
5000 2436 5
5000 2438 4
5000 2438 5
5000 2440 4
5000 2440 5
5000 2442 5
2500 2444 4
-5000 2446 3
5000 2446 4
5000 2448 3
5000 2448 4
5000 2450 3
-5000 2452 2
5000 2452 3
5000 2454 2
5000 2454 3
5000 2456 2
5000 2458 1
-5000 2458 2
5000 2460 1
5000 2460 2
5000 2462 1
5000 2464 0
-5000 2464 1
5000 2466 0
5000 2466 1
-5000 2468 0
5000 2468 1
5000 2468 2
5000 2468 3
5000 2468 4
5000 2468 7
5000 2468 8
5000 2468 9
5000 2470 9
5000 2470 10
-5000 2472 9
5000 2472 10
5000 2474 10
5000 2476 10
-5000 2476 11
5000 2478 10
5000 2478 11
5000 2480 10
5000 2480 11
5000 2482 11
5000 2482 12
-5000 2484 11
5000 2484 12
5000 2486 11
5000 2486 12
5000 2488 12
-5000 2488 13
5000 2490 12
5000 2490 13
5000 2492 12
5000 2492 13
5000 2494 13
5000 2494 14
-5000 2496 13
5000 2496 14
5000 2498 13
5000 2498 14
5000 2500 14
-5000 2500 15
5000 2502 14
5000 2502 15
5000 2504 14
5000 2504 15
5000 2506 15
5000 2506 16
-5000 2508 15
5000 2508 16
5000 2510 15
5000 2510 16
5000 2512 9
5000 2512 16
5000 2512 17
5000 2514 8
5000 2514 9
-5000 2516 8
5000 2516 9
5000 2518 8
5000 2520 7
-5000 2520 8
-5000 2522 7
5000 2522 8
5000 2524 7
5000 2526 6
5000 2526 7
-5000 2528 6
5000 2528 7
5000 2531 6
5000 2533 5
5000 2533 6
-5000 2535 5
5000 2535 6
5000 2538 4
5000 2538 5
5000 2540 4
5000 2540 5
5000 2542 4
5000 2544 3
-5000 2544 4
5000 2546 3
5000 2546 4
5000 2548 3
-5000 2550 2
5000 2550 3
5000 2552 2
5000 2552 3
5000 2554 2
-5000 2556 1
5000 2556 2
5000 2558 1
5000 2558 2
5000 2560 1
5000 2562 0
5000 2562 1
5000 2562 2
5000 2562 3
5000 2562 4
5000 2562 5
5000 2562 6
5000 2562 7
5000 2562 8
5000 2562 9
5000 2564 9
-5000 2564 10
5000 2566 9
5000 2566 10
5000 2568 10
5000 2570 10
5000 2570 11
-5000 2572 10
5000 2572 11
5000 2574 10
5000 2574 11
5000 2576 11
-5000 2576 12
5000 2578 11
5000 2578 12
5000 2580 11
5000 2580 12
5000 2582 12
5000 2582 13
-5000 2584 12
5000 2584 13
5000 2586 12
5000 2586 13
5000 2588 13
-5000 2588 14
5000 2590 13
5000 2590 14
5000 2592 13
5000 2592 14
5000 2594 14
5000 2594 15
-5000 2596 14
5000 2596 15
5000 2598 14
5000 2598 15
5000 2600 15
-5000 2600 16
5000 2602 15
5000 2602 16
5000 2604 15
5000 2604 16
5000 2606 16
5000 2606 17
-5000 2608 16
5000 2608 17
5000 2610 9
5000 2610 16
5000 2610 17
5000 2612 8
5000 2612 9
5000 2614 8
5000 2614 9
5000 2616 8
5000 2618 7
-5000 2618 8
5000 2620 7
5000 2620 8
5000 2622 7
5000 2624 6
-5000 2624 7
5000 2626 6
5000 2626 7
-5000 2629 5
5000 2629 6
5000 2631 5
5000 2631 6
5000 2633 5
-5000 2635 4
5000 2635 5
5000 2637 4
5000 2637 5
5000 2639 4
-5000 2641 3
5000 2641 4
5000 2643 3
5000 2643 4
5000 2645 3
-5000 2647 2
5000 2647 3
5000 2649 2
5000 2649 3
5000 2651 2
5000 2653 1
-5000 2653 2
5000 2655 1
5000 2655 2
5000 2657 1
5000 2659 0
-5000 2659 1
5000 2661 0
5000 2661 1
-5000 2663 0
5000 2663 1
5000 2663 2
5000 2663 3
5000 2663 4
5000 2663 5
5000 2663 6
5000 2663 7
5000 2663 8
5000 2663 9
5000 2665 9
-5000 2665 10
-5000 2667 9
5000 2667 10
5000 2669 10
5000 2671 10
5000 2671 11
5000 2673 10
5000 2673 11
5000 2675 10
5000 2675 11
5000 2677 11
-5000 2677 12
-5000 2679 11
5000 2679 12
5000 2681 11
5000 2681 12
5000 2683 12
5000 2683 13
5000 2685 12
5000 2685 13
5000 2687 12
5000 2687 13
5000 2689 13
-5000 2689 14
-5000 2691 13
5000 2691 14
5000 2693 13
5000 2693 14
5000 2695 14
5000 2695 15
5000 2697 14
5000 2697 15
5000 2699 14
5000 2699 15
5000 2701 15
-5000 2701 16
-5000 2703 15
5000 2703 16
5000 2705 15
5000 2705 16
5000 2707 9
5000 2707 16
5000 2707 17
5000 2709 8
5000 2709 9
5000 2711 8
5000 2711 9
5000 2713 8
5000 2715 7
5000 2715 8
-5000 2718 6
5000 2718 7
5000 2720 6
5000 2720 7
5000 2722 6
5000 2724 5
-5000 2724 6
5000 2726 5
5000 2726 6
5000 2728 5
5000 2730 4
-5000 2730 5
5000 2732 4
5000 2732 5
5000 2734 4
5000 2736 3
-5000 2736 4
5000 2738 3
5000 2738 4
5000 2740 3
-5000 2742 2
5000 2742 3
5000 2744 2
5000 2744 3
5000 2746 2
-5000 2748 1
5000 2748 2
5000 2750 1
5000 2750 2
5000 2752 1
5000 2754 0
5000 2754 1
5000 2754 2
5000 2754 3
5000 2754 4
5000 2754 5
5000 2754 6
5000 2754 7
5000 2754 8
5000 2754 9
5000 2756 9
-5000 2756 10
5000 2758 9
5000 2758 10
5000 2760 10
5000 2762 10
5000 2762 11
5000 2764 10
5000 2764 11
5000 2766 10
5000 2766 11
5000 2768 11
-5000 2768 12
5000 2770 11
5000 2770 12
5000 2772 11
5000 2772 12
5000 2774 12
5000 2774 13
5000 2776 12
5000 2776 13
5000 2778 13
5000 2780 13
-5000 2780 14
5000 2782 13
5000 2782 14
5000 2784 13
5000 2784 14
5000 2786 14
5000 2786 15
5000 2788 14
5000 2788 15
5000 2790 15
5000 2792 15
5000 2792 16
-5000 2794 15
5000 2794 16
5000 2796 15
5000 2796 16
5000 2798 16
5000 2798 17
5000 2800 16
5000 2800 17
5000 2802 9
-5000 2802 17
5000 2804 8
5000 2804 9
-5000 2806 8
5000 2806 9
5000 2808 8
5000 2810 7
5000 2810 8
5000 2812 7
5000 2812 8
5000 2814 7
-5000 2816 6
5000 2816 7
5000 2818 6
5000 2818 7
5000 2820 6
-5000 2822 5
5000 2822 6
5000 2824 5
5000 2824 6
5000 2826 5
-5000 2828 4
5000 2828 5
5000 2830 4
5000 2830 5
5000 2832 4
-5000 2834 3
5000 2834 4
5000 2836 3
5000 2836 4
5000 2838 3
-5000 2840 2
5000 2840 3
5000 2842 2
5000 2842 3
5000 2844 2
5000 2846 1
-5000 2846 2
5000 2848 1
5000 2848 2
5000 2850 1
5000 2852 0
-5000 2852 1
5000 2854 0
5000 2854 1
-5000 2856 0
5000 2856 1
5000 2856 2
5000 2856 3
5000 2856 4
5000 2856 5
5000 2856 6
5000 2856 7
5000 2856 8
5000 2856 9
5000 2858 9
-5000 2858 10
5000 2860 9
5000 2860 10
5000 2862 10
5000 2864 10
-5000 2864 11
5000 2866 10
5000 2866 11
1249 2868 10
-5000 2868 11
-3333 2870 12
5000 2872 11
5000 2872 12
-5000 2874 11
5000 2874 12
5000 2876 12
5000 2878 12
5000 2878 13
5000 2880 12
5000 2880 13
2500 2882 12
-5000 2882 13
3750 2884 14
5000 2886 13
-5000 2886 14
-5000 2888 13
5000 2888 14
5000 2890 14
5000 2892 14
-5000 2892 15
5000 2894 14
5000 2894 15
5000 2896 14
-5000 2896 15
-4127 2898 16
5000 2900 15
5000 2900 16
-5000 2902 15
5000 2902 16
5000 2904 16
2500 2906 16
5000 2907 8
5000 2907 9
5000 2909 8
5000 2909 9
5000 2911 8
5000 2913 7
-5000 2913 8
5000 2915 7
5000 2915 8
5000 2917 7
5000 2919 6
-5000 2919 7
5000 2921 6
5000 2921 7
5000 2923 6
5000 2925 5
-5000 2925 6
5000 2927 5
5000 2927 6
5000 2929 5
5000 2931 4
-5000 2931 5
5000 2933 4
5000 2933 5
5000 2935 4
5000 2937 3
-5000 2937 4
5000 2939 3
5000 2939 4
5000 2941 3
-5000 2943 2
5000 2943 3
5000 2945 2
5000 2945 3
5000 2947 2
5000 2949 1
-5000 2949 2
5000 2951 1
5000 2951 2
5000 2953 1
5000 2955 0
5000 2955 1
5000 2955 2
5000 2955 3
5000 2955 4
5000 2955 5
5000 2955 6
5000 2955 7
5000 2955 8
5000 2955 9
-5000 2957 9
5000 2957 10
5000 2959 9
5000 2959 10
5000 2961 10
5000 2963 10
5000 2963 11
5000 2965 10
5000 2965 11
5000 2967 10
5000 2967 11
-5000 2969 11
5000 2969 12
5000 2971 11
5000 2971 12
5000 2973 11
5000 2973 12
5000 2975 12
5000 2975 13
5000 2977 12
5000 2977 13
5000 2979 12
5000 2979 13
-5000 2981 13
5000 2981 14
5000 2983 13
5000 2983 14
5000 2985 13
5000 2985 14
5000 2987 14
5000 2987 15
5000 2989 14
5000 2989 15
5000 2991 14
5000 2991 15
-5000 2993 15
5000 2993 16
5000 2995 15
5000 2995 16
5000 2997 15
5000 2997 16
5000 2999 16
5000 2999 17
5000 3001 16
5000 3001 17
5000 3003 9
5000 3003 16
-5000 3005 8
5000 3005 9
5000 3007 8
5000 3007 9
5000 3009 8
-5000 3011 7
5000 3011 8
5000 3013 7
5000 3013 8
5000 3015 7
-5000 3017 6
5000 3017 7
5000 3019 6
5000 3019 7
5000 3021 6
-5000 3023 5
5000 3023 6
5000 3025 5
5000 3025 6
5000 3027 5
-5000 3029 4
5000 3029 5
5000 3031 4
5000 3031 5
5000 3033 4
-5000 3035 3
5000 3035 4
5000 3037 3
5000 3037 4
5000 3039 3
-5000 3041 2
5000 3041 3
5000 3043 2
5000 3043 3
5000 3045 2
5000 3047 1
-5000 3047 2
5000 3049 1
5000 3049 2
5000 3051 1
5000 3053 0
-5000 3053 1
5000 3055 0
5000 3055 1
-5000 3057 0
5000 3057 1
5000 3057 2
5000 3057 3
5000 3057 4
5000 3057 5
5000 3057 6
5000 3057 7
5000 3057 8
5000 3057 9
5000 3059 9
-5000 3059 10
5000 3061 9
5000 3061 10
5000 3063 10
-5000 3065 10
5000 3065 11
5000 3067 10
5000 3067 11
5000 3069 10
5000 3069 11
5000 3071 11
-5000 3071 12
5000 3073 11
5000 3073 12
5000 3075 11
5000 3075 12
-5000 3077 12
5000 3077 13
5000 3079 12
5000 3079 13
5000 3081 12
5000 3081 13
5000 3083 13
-5000 3083 14
5000 3085 13
5000 3085 14
5000 3087 13
5000 3087 14
-5000 3089 14
5000 3089 15
5000 3091 14
5000 3091 15
5000 3093 14
5000 3093 15
5000 3095 15
-5000 3095 16
5000 3097 15
5000 3097 16
5000 3099 9
5000 3099 15
5000 3101 8
-5000 3101 9
5000 3103 8
5000 3103 9
5000 3105 8
5000 3107 7
-5000 3107 8
5000 3109 7
5000 3109 8
5000 3111 7
5000 3113 6
-5000 3113 7
5000 3115 6
5000 3115 7
5000 3117 6
5000 3119 5
-5000 3119 6
5000 3121 5
5000 3121 6
5000 3123 5
5000 3125 4
-5000 3125 5
5000 3127 4
5000 3127 5
5000 3129 4
5000 3131 3
-5000 3131 4
5000 3133 3
5000 3133 4
5000 3135 3
-5000 3137 2
5000 3137 3
5000 3139 2
5000 3139 3
5000 3141 2
-5000 3143 1
5000 3143 2
5000 3145 1
5000 3145 2
5000 3147 1
5000 3149 0
5000 3149 1
5000 3149 2
5000 3149 3
5000 3149 4
5000 3149 5
5000 3149 6
5000 3149 7
5000 3149 8
5000 3149 9
-5000 3151 9
5000 3151 10
5000 3153 9
5000 3153 10
5000 3155 10
5000 3157 10
-5000 3157 11
5000 3159 10
5000 3159 11
5000 3161 10
5000 3161 11
-5000 3163 11
5000 3163 12
5000 3165 11
5000 3165 12
5000 3167 11
5000 3167 12
5000 3169 12
-5000 3169 13
5000 3171 12
5000 3171 13
5000 3173 12
5000 3173 13
-5000 3175 13
5000 3175 14
5000 3177 13
5000 3177 14
5000 3179 13
5000 3179 14
5000 3181 14
-5000 3181 15
5000 3183 14
5000 3183 15
5000 3185 9
5000 3185 14
-5000 3187 8
5000 3187 9
5000 3189 8
5000 3189 9
5000 3191 8
-5000 3193 7
5000 3193 8
5000 3195 7
5000 3195 8
5000 3197 7
-5000 3199 6
5000 3199 7
5000 3201 6
5000 3201 7
5000 3203 6
-5000 3205 5
5000 3205 6
5000 3207 5
5000 3207 6
5000 3209 5
-5000 3211 4
5000 3211 5
5000 3213 4
5000 3213 5
5000 3215 4
-5000 3217 3
5000 3217 4
5000 3219 3
5000 3219 4
5000 3221 3
-5000 3223 2
5000 3223 3
5000 3225 2
5000 3225 3
5000 3227 2
5000 3229 1
-5000 3229 2
5000 3231 1
5000 3231 2
5000 3233 1
5000 3235 0
-5000 3235 1
5000 3237 0
5000 3237 1
-5000 3239 0
5000 3239 1
5000 3239 2
5000 3239 3
5000 3239 4
5000 3239 5
5000 3239 6
5000 3239 7
5000 3239 8
5000 3239 9
5000 3241 9
-5000 3241 10
5000 3243 9
5000 3243 10
5000 3245 10
-5000 3247 10
5000 3247 11
5000 3249 10
5000 3249 11
5000 3251 10
5000 3251 11
5000 3253 11
-5000 3253 12
5000 3255 11
5000 3255 12
5000 3257 11
5000 3257 12
-5000 3259 12
5000 3259 13
5000 3261 12
5000 3261 13
5000 3263 12
5000 3263 13
5000 3265 13
-5000 3265 14
5000 3267 13
5000 3267 14
5000 3269 9
5000 3269 13
5000 3271 8
-5000 3271 9
5000 3273 8
5000 3273 9
5000 3275 8
5000 3277 7
-5000 3277 8
5000 3279 7
5000 3279 8
5000 3281 7
5000 3283 6
-5000 3283 7
5000 3285 6
5000 3285 7
5000 3287 6
5000 3289 5
-5000 3289 6
5000 3291 5
5000 3291 6
5000 3293 5
5000 3295 4
-5000 3295 5
5000 3297 4
5000 3297 5
5000 3299 4
5000 3301 3
-5000 3301 4
5000 3303 3
5000 3303 4
5000 3305 3
-5000 3307 2
5000 3307 3
5000 3309 2
5000 3309 3
5000 3311 2
-5000 3313 1
5000 3313 2
5000 3315 1
5000 3315 2
5000 3317 1
5000 3319 0
5000 3319 1
5000 3319 2
5000 3319 3
5000 3319 4
5000 3319 5
5000 3319 6
5000 3319 7
5000 3319 8
5000 3319 9
-5000 3321 9
5000 3321 10
5000 3323 9
5000 3323 10
5000 3325 10
5000 3327 10
-5000 3327 11
5000 3329 10
5000 3329 11
5000 3331 10
5000 3331 11
-5000 3333 11
5000 3333 12
5000 3335 11
5000 3335 12
5000 3337 11
5000 3337 12
5000 3339 12
-5000 3339 13
5000 3341 12
5000 3341 13
5000 3343 9
5000 3343 12
-5000 3345 8
5000 3345 9
5000 3347 8
5000 3347 9
5000 3349 8
-5000 3351 7
5000 3351 8
5000 3353 7
5000 3353 8
5000 3355 7
-5000 3357 6
5000 3357 7
5000 3359 6
5000 3359 7
5000 3361 6
-5000 3363 5
5000 3363 6
5000 3365 5
5000 3365 6
5000 3367 5
-5000 3369 4
5000 3369 5
5000 3371 4
5000 3371 5
5000 3373 4
-5000 3375 3
5000 3375 4
5000 3377 3
5000 3377 4
5000 3379 3
-5000 3381 2
5000 3381 3
5000 3383 2
5000 3383 3
5000 3385 2
5000 3387 1
-5000 3387 2
5000 3389 1
5000 3389 2
5000 3391 1
5000 3393 0
-5000 3393 1
5000 3395 0
5000 3395 1
-5000 3397 0
5000 3397 1
5000 3397 2
5000 3397 3
5000 3397 4
5000 3397 5
5000 3397 6
5000 3397 7
5000 3397 8
5000 3397 9
5000 3399 9
-5000 3399 10
5000 3401 9
5000 3401 10
5000 3403 10
-5000 3405 10
5000 3405 11
5000 3407 10
5000 3407 11
5000 3409 10
5000 3409 11
5000 3411 11
-5000 3411 12
5000 3413 11
5000 3413 12
5000 3415 9
5000 3415 11
5000 3417 8
-5000 3417 9
5000 3419 8
5000 3419 9
5000 3421 8
5000 3423 7
-5000 3423 8
5000 3425 7
5000 3425 8
5000 3427 7
5000 3429 6
-5000 3429 7
5000 3431 6
5000 3431 7
5000 3433 6
5000 3435 5
-5000 3435 6
5000 3437 5
5000 3437 6
5000 3439 5
5000 3441 4
-5000 3441 5
5000 3443 4
5000 3443 5
5000 3445 4
5000 3447 3
-5000 3447 4
5000 3449 3
5000 3449 4
5000 3451 3
-5000 3453 2
5000 3453 3
5000 3455 2
5000 3455 3
5000 3457 2
-5000 3459 1
5000 3459 2
5000 3461 1
5000 3461 2
5000 3463 1
5000 3465 0
5000 3465 1
5000 3465 2
5000 3465 3
5000 3465 4
5000 3465 5
5000 3465 6
5000 3465 7
5000 3465 8
5000 3465 9
-5000 3467 9
5000 3467 10
5000 3469 9
5000 3469 10
5000 3471 10
5000 3473 10
-5000 3473 11
5000 3475 10
5000 3475 11
5000 3477 9
5000 3477 10
-5000 3479 8
5000 3479 9
5000 3481 8
5000 3481 9
5000 3483 8
-5000 3485 7
5000 3485 8
5000 3487 7
5000 3487 8
5000 3489 7
-5000 3491 6
5000 3491 7
5000 3493 6
5000 3493 7
5000 3495 6
-5000 3497 5
5000 3497 6
5000 3499 5
5000 3499 6
5000 3501 5
-5000 3503 4
5000 3503 5
5000 3505 4
5000 3505 5
5000 3507 4
-5000 3509 3
5000 3509 4
5000 3511 3
5000 3511 4
5000 3513 3
-5000 3515 2
5000 3515 3
5000 3517 2
5000 3517 3
5000 3519 2
5000 3521 1
-5000 3521 2
5000 3523 1
5000 3523 2
5000 3525 1
5000 3527 0
-5000 3527 1
5000 3529 0
-5000 3529 1
-5000 3531 0
5000 3531 2
5000 3531 3
5000 3531 4
5000 3531 5
5000 3531 6
5000 3531 7
5000 3531 8
5000 3531 9
5000 3533 9
-5000 3533 10
5000 3535 9
5000 3535 10
5000 3537 9
5000 3539 8
-5000 3539 9
5000 3541 8
5000 3541 9
5000 3543 8
5000 3545 7
-5000 3545 8
5000 3547 7
5000 3547 8
5000 3549 7
5000 3551 6
-5000 3551 7
5000 3553 6
5000 3553 7
5000 3555 6
5000 3557 5
-5000 3557 6
5000 3559 5
5000 3559 6
5000 3561 5
5000 3563 4
-5000 3563 5
5000 3565 4
5000 3565 5
5000 3567 4
5000 3569 3
-5000 3569 4
5000 3571 3
5000 3571 4
5000 3573 3
-5000 3575 2
5000 3575 3
5000 3577 2
5000 3577 3
5000 3579 2
5000 3581 1
5000 3583 0
5000 3583 1
5000 3585 0
5000 3585 1
5000 3587 1
100000 1 1
100000 1 2
100000 3 1
100000 3 2
100000 5 0
100000 5 1
100000 7 0
100000 7 1
100000 9 9
100000 9 10
100000 11 9
100000 11 10
100000 13 8
100000 13 9
100000 15 8
100000 15 9
100000 17 7
100000 17 8
100000 19 7
100000 19 8
100000 21 6
100000 21 7
100000 23 6
100000 23 7
100000 25 5
100000 25 6
100000 27 5
100000 27 6
100000 29 4
100000 29 5
100000 31 4
100000 31 5
100000 33 3
100000 33 4
100000 35 3
100000 35 4
100000 37 15
100000 37 16
100000 39 16
100000 39 17
100000 40 15
100000 40 16
100000 42 14
100000 42 15
100000 44 14
100000 44 15
100000 46 15
100000 46 16
100000 48 15
100000 48 16
100000 50 15
100000 50 16
100000 52 14
100000 52 15
100000 54 14
100000 54 15
100000 56 14
100000 56 15
100000 58 13
100000 58 14
100000 60 13
100000 60 14
100000 62 13
100000 62 14
100000 64 12
100000 64 13
100000 66 12
100000 66 13
100000 68 12
100000 68 13
100000 70 11
100000 70 12
100000 72 11
100000 72 12
100000 74 11
100000 74 12
100000 76 10
100000 76 11
100000 78 10
100000 78 11
100000 80 10
100000 80 11
100000 82 16
100000 82 17
100000 84 16
100000 84 17
100000 86 16
100000 86 17
100000 88 15
100000 88 16
100000 90 15
100000 90 16
100000 92 15
100000 92 16
100000 94 14
100000 94 15
100000 96 14
100000 96 15
100000 98 14
100000 98 15
100000 100 13
100000 100 14
100000 102 13
100000 102 14
100000 104 13
100000 104 14
100000 106 12
100000 106 13
100000 108 12
100000 108 13
100000 110 12
100000 110 13
100000 112 11
100000 112 12
100000 114 11
100000 114 12
100000 116 11
100000 116 12
100000 118 16
100000 118 17
100000 120 15
100000 120 16
100000 122 15
100000 122 16
100000 124 15
100000 124 16
100000 126 14
100000 126 15
100000 128 14
100000 128 15
100000 130 14
100000 130 15
100000 132 13
100000 132 14
100000 134 13
100000 134 14
100000 136 13
100000 136 14
100000 138 12
100000 138 13
100000 140 12
100000 140 13
100000 142 12
100000 142 13
100000 144 16
100000 144 17
100000 146 16
100000 146 17
100000 148 16
100000 148 17
100000 150 15
100000 150 16
100000 152 15
100000 152 16
100000 154 15
100000 154 16
100000 156 14
100000 156 15
100000 158 14
100000 158 15
100000 160 14
100000 160 15
100000 162 13
100000 162 14
100000 164 13
100000 164 14
100000 166 13
100000 166 14
100000 168 16
100000 168 17
100000 170 15
100000 170 16
100000 172 15
100000 172 16
100000 174 15
100000 174 16
100000 176 14
100000 176 15
100000 178 14
100000 178 15
100000 180 14
100000 180 15
100000 182 16
100000 182 17
100000 184 16
100000 184 17
100000 186 16
100000 186 17
100000 188 15
100000 188 16
100000 190 15
100000 190 16
100000 192 15
100000 192 16
100000 194 16
100000 194 17
100000 195 9
100000 195 10
100000 197 9
100000 197 10
100000 199 9
100000 199 10
100000 201 10
100000 201 11
100000 203 10
100000 203 11
100000 205 10
100000 205 11
100000 207 11
100000 207 12
100000 209 11
100000 209 12
100000 211 11
100000 211 12
100000 213 12
100000 213 13
100000 215 12
100000 215 13
100000 217 12
100000 217 13
100000 219 13
100000 219 14
100000 221 13
100000 221 14
100000 223 13
100000 223 14
100000 225 14
100000 225 15
100000 227 14
100000 227 15
100000 229 14
100000 229 15
100000 231 15
100000 231 16
100000 233 15
100000 233 16
100000 235 15
100000 235 16
100000 237 16
100000 237 17
100000 239 16
100000 239 17
100000 241 16
100000 241 17
100000 243 8
100000 243 9
100000 245 8
100000 245 9
100000 247 8
100000 247 9
100000 249 7
100000 249 8
100000 251 7
100000 251 8
100000 253 7
100000 253 8
100000 255 6
100000 255 7
100000 257 6
100000 257 7
100000 259 6
100000 259 7
100000 261 5
100000 261 6
100000 263 5
100000 263 6
100000 265 5
100000 265 6
100000 267 4
100000 267 5
100000 269 4
100000 269 5
100000 271 4
100000 271 5
100000 273 3
100000 273 4
100000 275 3
100000 275 4
100000 277 3
100000 277 4
100000 279 2
100000 279 3
100000 281 2
100000 281 3
100000 283 2
100000 283 3
100000 285 1
100000 285 2
100000 287 1
100000 287 2
100000 289 1
100000 289 2
100000 291 0
100000 291 1
100000 293 0
100000 293 1
100000 295 0
100000 295 1
100000 297 9
100000 297 10
100000 299 9
100000 299 10
100000 301 9
100000 301 10
100000 303 10
100000 303 11
100000 305 10
100000 305 11
100000 307 10
100000 307 11
100000 309 11
100000 309 12
100000 311 11
100000 311 12
100000 313 11
100000 313 12
100000 315 12
100000 315 13
100000 317 12
100000 317 13
100000 319 12
100000 319 13
100000 321 13
100000 321 14
100000 323 13
100000 323 14
100000 325 13
100000 325 14
100000 327 14
100000 327 15
100000 329 14
100000 329 15
100000 331 14
100000 331 15
100000 333 15
100000 333 16
100000 335 15
100000 335 16
100000 337 15
100000 337 16
100000 339 16
100000 339 17
100000 341 8
100000 341 9
100000 343 8
100000 343 9
100000 345 8
100000 345 9
100000 347 7
100000 347 8
100000 349 7
100000 349 8
100000 351 7
100000 351 8
100000 353 6
100000 353 7
100000 355 6
100000 355 7
100000 357 6
100000 357 7
100000 359 5
100000 359 6
100000 361 5
100000 361 6
100000 363 5
100000 363 6
100000 365 4
100000 365 5
100000 367 4
100000 367 5
100000 369 4
100000 369 5
100000 371 3
100000 371 4
100000 373 3
100000 373 4
100000 375 3
100000 375 4
100000 377 2
100000 377 3
100000 379 2
100000 379 3
100000 381 2
100000 381 3
100000 383 1
100000 383 2
100000 385 1
100000 385 2
100000 387 0
100000 387 1
100000 389 1
100000 389 2
100000 391 9
100000 391 10
100000 393 9
100000 393 10
100000 395 9
100000 395 10
100000 397 10
100000 397 11
100000 399 10
100000 399 11
100000 401 10
100000 401 11
100000 403 11
100000 403 12
100000 405 11
100000 405 12
100000 407 11
100000 407 12
100000 409 12
100000 409 13
100000 411 12
100000 411 13
100000 413 12
100000 413 13
100000 415 13
100000 415 14
100000 417 13
100000 417 14
100000 419 13
100000 419 14
100000 421 14
100000 421 15
100000 423 14
100000 423 15
100000 425 14
100000 425 15
100000 427 15
100000 427 16
100000 429 15
100000 429 16
100000 431 15
100000 431 16
100000 433 16
100000 433 17
100000 435 16
100000 435 17
100000 437 16
100000 437 17
100000 439 8
100000 439 9
100000 441 8
100000 441 9
100000 443 8
100000 443 9
100000 445 7
100000 445 8
100000 447 7
100000 447 8
100000 449 7
100000 449 8
100000 451 6
100000 451 7
100000 453 6
100000 453 7
100000 455 6
100000 455 7
100000 457 5
100000 457 6
100000 459 5
100000 459 6
100000 461 5
100000 461 6
100000 463 4
100000 463 5
100000 465 4
100000 465 5
100000 467 4
100000 467 5
100000 469 3
100000 469 4
100000 471 3
100000 471 4
100000 473 3
100000 473 4
100000 475 2
100000 475 3
100000 477 2
100000 477 3
100000 479 2
100000 479 3
100000 481 1
100000 481 2
100000 483 1
100000 483 2
100000 485 1
100000 485 2
100000 487 0
100000 487 1
100000 489 0
100000 489 1
100000 491 0
100000 491 1
100000 493 9
100000 493 10
100000 495 9
100000 495 10
100000 497 9
100000 497 10
100000 499 10
100000 499 11
100000 501 10
100000 501 11
100000 503 10
100000 503 11
100000 505 11
100000 505 12
100000 507 11
100000 507 12
100000 509 11
100000 509 12
100000 511 12
100000 511 13
100000 513 12
100000 513 13
100000 515 12
100000 515 13
100000 517 13
100000 517 14
100000 519 13
100000 519 14
100000 521 13
100000 521 14
100000 523 14
100000 523 15
100000 525 14
100000 525 15
100000 527 14
100000 527 15
100000 529 15
100000 529 16
100000 531 15
100000 531 16
100000 533 15
100000 533 16
100000 535 16
100000 535 17
100000 537 8
100000 537 9
100000 539 8
100000 539 9
100000 541 8
100000 541 9
100000 543 7
100000 543 8
100000 545 7
100000 545 8
100000 547 7
100000 547 8
100000 549 6
100000 549 7
100000 551 6
100000 551 7
100000 553 6
100000 553 7
100000 555 5
100000 555 6
100000 557 5
100000 557 6
100000 559 5
100000 559 6
100000 561 4
100000 561 5
100000 563 4
100000 563 5
100000 565 4
100000 565 5
100000 567 3
100000 567 4
100000 569 3
100000 569 4
100000 571 3
100000 571 4
100000 572 2
100000 572 3
100000 574 2
100000 574 3
100000 576 2
100000 576 3
100000 578 1
100000 578 2
100000 580 1
100000 580 2
100000 582 1
100000 582 2
100000 584 0
100000 584 1
100000 586 9
100000 586 10
100000 588 9
100000 588 10
100000 590 9
100000 590 10
100000 592 10
100000 592 11
100000 594 10
100000 594 11
100000 596 10
100000 596 11
100000 598 11
100000 598 12
100000 600 11
100000 600 12
100000 602 11
100000 602 12
100000 604 12
100000 604 13
100000 606 12
100000 606 13
100000 608 12
100000 608 13
100000 610 13
100000 610 14
100000 612 13
100000 612 14
100000 614 13
100000 614 14
100000 616 14
100000 616 15
100000 618 14
100000 618 15
100000 620 14
100000 620 15
100000 622 15
100000 622 16
100000 624 15
100000 624 16
100000 626 15
100000 626 16
100000 628 16
100000 628 17
100000 630 16
100000 630 17
100000 632 16
100000 632 17
100000 634 8
100000 634 9
100000 636 8
100000 636 9
100000 638 8
100000 638 9
100000 640 7
100000 640 8
100000 642 7
100000 642 8
100000 644 7
100000 644 8
100000 646 6
100000 646 7
100000 648 6
100000 648 7
100000 650 6
100000 650 7
100000 652 5
100000 652 6
100000 654 5
100000 654 6
100000 656 5
100000 656 6
100000 658 4
100000 658 5
100000 660 4
100000 660 5
100000 662 4
100000 662 5
100000 664 3
100000 664 4
100000 666 3
100000 666 4
100000 668 3
100000 668 4
100000 670 2
100000 670 3
100000 672 2
100000 672 3
100000 674 2
100000 674 3
100000 676 1
100000 676 2
100000 678 1
100000 678 2
100000 680 1
100000 680 2
100000 682 0
100000 682 1
100000 684 0
100000 684 1
100000 686 0
100000 686 1
100000 688 9
100000 688 10
100000 690 9
100000 690 10
100000 692 9
100000 692 10
100000 694 10
100000 694 11
100000 696 10
100000 696 11
100000 698 10
100000 698 11
100000 700 11
100000 700 12
100000 702 11
100000 702 12
100000 704 11
100000 704 12
100000 706 12
100000 706 13
100000 708 12
100000 708 13
100000 710 12
100000 710 13
100000 712 13
100000 712 14
100000 714 13
100000 714 14
100000 716 13
100000 716 14
100000 718 14
100000 718 15
100000 720 14
100000 720 15
100000 722 14
100000 722 15
100000 724 15
100000 724 16
100000 726 15
100000 726 16
100000 728 15
100000 728 16
100000 730 16
100000 730 17
100000 732 8
100000 732 9
100000 734 8
100000 734 9
100000 736 8
100000 736 9
100000 738 7
100000 738 8
100000 740 7
100000 740 8
100000 742 7
100000 742 8
100000 744 6
100000 744 7
100000 746 6
100000 746 7
100000 748 6
100000 748 7
100000 749 5
100000 749 6
100000 751 5
100000 751 6
100000 753 5
100000 753 6
100000 755 5
100000 755 6
100000 756 4
100000 756 5
100000 758 4
100000 758 5
100000 760 4
100000 760 5
100000 762 3
100000 762 4
100000 764 3
100000 764 4
100000 766 3
100000 766 4
100000 768 2
100000 768 3
100000 770 2
100000 770 3
100000 772 2
100000 772 3
100000 774 1
100000 774 2
100000 776 1
100000 776 2
100000 778 1
100000 778 2
100000 780 0
100000 780 1
100000 782 9
100000 782 10
100000 784 9
100000 784 10
100000 786 9
100000 786 10
100000 788 10
100000 788 11
100000 790 10
100000 790 11
100000 792 10
100000 792 11
100000 794 11
100000 794 12
100000 796 11
100000 796 12
100000 798 11
100000 798 12
100000 800 12
100000 800 13
100000 802 12
100000 802 13
100000 804 12
100000 804 13
100000 806 13
100000 806 14
100000 808 13
100000 808 14
100000 810 13
100000 810 14
100000 812 14
100000 812 15
100000 814 14
100000 814 15
100000 816 14
100000 816 15
100000 818 15
100000 818 16
100000 820 15
100000 820 16
100000 822 15
100000 822 16
100000 824 16
100000 824 17
100000 826 16
100000 826 17
100000 828 16
100000 828 17
100000 830 8
100000 830 9
100000 832 8
100000 832 9
100000 834 8
100000 834 9
100000 836 7
100000 836 8
100000 838 7
100000 838 8
100000 840 7
100000 840 8
100000 842 6
100000 842 7
100000 844 6
100000 844 7
100000 846 6
100000 846 7
100000 847 5
100000 847 6
100000 849 5
100000 849 6
100000 851 5
100000 851 6
100000 853 4
100000 853 5
100000 855 4
100000 855 5
100000 857 4
100000 857 5
100000 859 3
100000 859 4
100000 861 3
100000 861 4
100000 863 3
100000 863 4
100000 865 2
100000 865 3
100000 867 2
100000 867 3
100000 869 2
100000 869 3
100000 871 1
100000 871 2
100000 873 1
100000 873 2
100000 875 1
100000 875 2
100000 877 0
100000 877 1
100000 879 0
100000 879 1
100000 881 0
100000 881 1
100000 883 9
100000 883 10
100000 885 9
100000 885 10
100000 887 9
100000 887 10
100000 889 10
100000 889 11
100000 891 10
100000 891 11
100000 893 10
100000 893 11
100000 895 11
100000 895 12
100000 897 11
100000 897 12
100000 899 11
100000 899 12
100000 901 12
100000 901 13
100000 903 12
100000 903 13
100000 905 12
100000 905 13
100000 907 13
100000 907 14
100000 909 13
100000 909 14
100000 911 13
100000 911 14
100000 913 14
100000 913 15
100000 915 14
100000 915 15
100000 917 14
100000 917 15
100000 919 15
100000 919 16
100000 921 15
100000 921 16
100000 923 15
100000 923 16
100000 925 16
100000 925 17
100000 927 8
100000 927 9
100000 929 8
100000 929 9
100000 931 8
100000 931 9
100000 932 7
100000 932 8
100000 934 7
100000 934 8
100000 936 7
100000 936 8
100000 938 7
100000 938 8
100000 939 6
100000 939 7
100000 941 6
100000 941 7
100000 943 6
100000 943 7
100000 945 5
100000 945 6
100000 947 5
100000 947 6
100000 949 5
100000 949 6
100000 951 4
100000 951 5
100000 953 4
100000 953 5
100000 955 4
100000 955 5
100000 957 3
100000 957 4
100000 959 3
100000 959 4
100000 961 3
100000 961 4
100000 963 2
100000 963 3
100000 965 2
100000 965 3
100000 967 2
100000 967 3
100000 969 1
100000 969 2
100000 971 1
100000 971 2
100000 973 1
100000 973 2
100000 975 0
100000 975 1
100000 977 9
100000 977 10
100000 979 9
100000 979 10
100000 981 9
100000 981 10
100000 983 10
100000 983 11
100000 985 10
100000 985 11
100000 987 10
100000 987 11
100000 989 11
100000 989 12
100000 991 11
100000 991 12
100000 993 11
100000 993 12
100000 995 12
100000 995 13
100000 997 12
100000 997 13
100000 999 12
100000 999 13
100000 1001 13
100000 1001 14
100000 1003 13
100000 1003 14
100000 1005 13
100000 1005 14
100000 1007 14
100000 1007 15
100000 1009 14
100000 1009 15
100000 1011 14
100000 1011 15
100000 1013 15
100000 1013 16
100000 1015 15
100000 1015 16
100000 1017 15
100000 1017 16
100000 1019 16
100000 1019 17
100000 1021 16
100000 1021 17
100000 1023 16
100000 1023 17
100000 1025 8
100000 1025 9
100000 1027 8
100000 1027 9
100000 1029 8
100000 1029 9
100000 1031 7
100000 1031 8
100000 1033 7
100000 1033 8
100000 1035 7
100000 1035 8
100000 1037 6
100000 1037 7
100000 1039 6
100000 1039 7
100000 1041 6
100000 1041 7
100000 1043 5
100000 1043 6
100000 1045 5
100000 1045 6
100000 1047 5
100000 1047 6
100000 1049 4
100000 1049 5
100000 1051 4
100000 1051 5
100000 1053 4
100000 1053 5
100000 1055 3
100000 1055 4
100000 1057 3
100000 1057 4
100000 1059 3
100000 1059 4
100000 1061 2
100000 1061 3
100000 1063 2
100000 1063 3
100000 1065 2
100000 1065 3
100000 1067 1
100000 1067 2
100000 1069 1
100000 1069 2
100000 1071 1
100000 1071 2
100000 1073 0
100000 1073 1
100000 1075 0
100000 1075 1
100000 1077 0
100000 1077 1
100000 1079 9
100000 1079 10
100000 1081 9
100000 1081 10
100000 1083 9
100000 1083 10
100000 1085 9
100000 1085 10
100000 1087 10
100000 1087 11
100000 1089 10
100000 1089 11
100000 1091 10
100000 1091 11
100000 1093 11
100000 1093 12
100000 1095 11
100000 1095 12
100000 1097 11
100000 1097 12
100000 1099 11
100000 1099 12
100000 1101 12
100000 1101 13
100000 1103 12
100000 1103 13
100000 1105 12
100000 1105 13
100000 1107 13
100000 1107 14
100000 1109 13
100000 1109 14
100000 1111 13
100000 1111 14
100000 1113 13
100000 1113 14
100000 1115 14
100000 1115 15
100000 1117 14
100000 1117 15
100000 1119 14
100000 1119 15
100000 1121 15
100000 1121 16
100000 1123 15
100000 1123 16
100000 1125 15
100000 1125 16
100000 1127 8
100000 1127 9
100000 1127 16
100000 1127 17
100000 1129 8
100000 1129 9
100000 1131 8
100000 1131 9
100000 1133 7
100000 1133 8
100000 1135 7
100000 1135 8
100000 1137 7
100000 1137 8
100000 1139 6
100000 1139 7
100000 1141 6
100000 1141 7
100000 1143 6
100000 1143 7
100000 1145 5
100000 1145 6
100000 1147 5
100000 1147 6
100000 1149 5
100000 1149 6
100000 1151 4
100000 1151 5
100000 1153 4
100000 1153 5
100000 1155 4
100000 1155 5
100000 1157 3
100000 1157 4
100000 1159 3
100000 1159 4
100000 1161 3
100000 1161 4
100000 1163 2
100000 1163 3
100000 1165 2
100000 1165 3
100000 1167 2
100000 1167 3
100000 1169 1
100000 1169 2
100000 1171 1
100000 1171 2
100000 1173 1
100000 1173 2
100000 1175 0
100000 1175 1
100000 1177 9
100000 1177 10
100000 1179 9
100000 1179 10
100000 1181 9
100000 1181 10
100000 1183 10
100000 1183 11
100000 1185 10
100000 1185 11
100000 1187 10
100000 1187 11
100000 1189 11
100000 1189 12
100000 1191 11
100000 1191 12
100000 1193 11
100000 1193 12
100000 1195 12
100000 1195 13
100000 1197 12
100000 1197 13
100000 1199 12
100000 1199 13
100000 1201 13
100000 1201 14
100000 1203 13
100000 1203 14
100000 1205 13
100000 1205 14
100000 1207 14
100000 1207 15
100000 1209 14
100000 1209 15
100000 1211 14
100000 1211 15
100000 1213 15
100000 1213 16
100000 1215 15
100000 1215 16
100000 1217 16
100000 1217 17
100000 1218 15
100000 1218 16
100000 1220 16
100000 1220 17
100000 1222 16
100000 1222 17
100000 1224 16
100000 1224 17
100000 1226 8
100000 1226 9
100000 1228 8
100000 1228 9
100000 1230 8
100000 1230 9
100000 1232 7
100000 1232 8
100000 1234 7
100000 1234 8
100000 1236 7
100000 1236 8
100000 1238 6
100000 1238 7
100000 1240 6
100000 1240 7
100000 1242 6
100000 1242 7
100000 1244 5
100000 1244 6
100000 1246 5
100000 1246 6
100000 1248 5
100000 1248 6
100000 1250 4
100000 1250 5
100000 1252 4
100000 1252 5
100000 1254 4
100000 1254 5
100000 1256 3
100000 1256 4
100000 1258 3
100000 1258 4
100000 1260 3
100000 1260 4
100000 1262 2
100000 1262 3
100000 1264 2
100000 1264 3
100000 1266 2
100000 1266 3
100000 1268 1
100000 1268 2
100000 1270 1
100000 1270 2
100000 1272 1
100000 1272 2
100000 1274 0
100000 1274 1
100000 1276 0
100000 1276 1
100000 1278 0
100000 1278 1
100000 1280 9
100000 1280 10
100000 1282 9
100000 1282 10
100000 1284 9
100000 1284 10
100000 1286 10
100000 1286 11
100000 1288 10
100000 1288 11
100000 1290 10
100000 1290 11
100000 1292 11
100000 1292 12
100000 1294 11
100000 1294 12
100000 1296 11
100000 1296 12
100000 1298 12
100000 1298 13
100000 1300 12
100000 1300 13
100000 1302 12
100000 1302 13
100000 1304 13
100000 1304 14
100000 1306 13
100000 1306 14
100000 1308 13
100000 1308 14
100000 1310 14
100000 1310 15
100000 1312 14
100000 1312 15
100000 1314 14
100000 1314 15
100000 1316 15
100000 1316 16
100000 1318 15
100000 1318 16
100000 1320 16
100000 1320 17
100000 1321 15
100000 1321 16
100000 1323 8
100000 1323 9
100000 1325 8
100000 1325 9
100000 1327 8
100000 1327 9
100000 1329 7
100000 1329 8
100000 1331 7
100000 1331 8
100000 1333 7
100000 1333 8
100000 1335 6
100000 1335 7
100000 1337 6
100000 1337 7
100000 1339 6
100000 1339 7
100000 1341 5
100000 1341 6
100000 1343 5
100000 1343 6
100000 1345 5
100000 1345 6
100000 1347 4
100000 1347 5
100000 1349 4
100000 1349 5
100000 1351 4
100000 1351 5
100000 1353 3
100000 1353 4
100000 1355 3
100000 1355 4
100000 1357 3
100000 1357 4
100000 1359 2
100000 1359 3
100000 1361 2
100000 1361 3
100000 1363 2
100000 1363 3
100000 1365 1
100000 1365 2
100000 1367 1
100000 1367 2
100000 1369 1
100000 1369 2
100000 1371 0
100000 1371 1
100000 1373 9
100000 1373 10
100000 1375 9
100000 1375 10
100000 1377 9
100000 1377 10
100000 1379 10
100000 1379 11
100000 1381 10
100000 1381 11
100000 1383 10
100000 1383 11
100000 1385 11
100000 1385 12
100000 1387 11
100000 1387 12
100000 1389 11
100000 1389 12
100000 1391 12
100000 1391 13
100000 1393 12
100000 1393 13
100000 1395 12
100000 1395 13
100000 1397 13
100000 1397 14
100000 1399 13
100000 1399 14
100000 1401 13
100000 1401 14
100000 1402 14
100000 1402 15
100000 1404 14
100000 1404 15
100000 1406 14
100000 1406 15
100000 1408 15
100000 1408 16
100000 1409 14
100000 1409 15
100000 1411 15
100000 1411 16
100000 1413 15
100000 1413 16
100000 1415 16
100000 1415 17
100000 1417 16
100000 1417 17
100000 1419 16
100000 1419 17
100000 1421 8
100000 1421 9
100000 1423 8
100000 1423 9
100000 1425 8
100000 1425 9
100000 1427 7
100000 1427 8
100000 1429 7
100000 1429 8
100000 1431 7
100000 1431 8
100000 1433 6
100000 1433 7
100000 1435 6
100000 1435 7
100000 1437 6
100000 1437 7
100000 1439 5
100000 1439 6
100000 1441 5
100000 1441 6
100000 1443 5
100000 1443 6
100000 1445 4
100000 1445 5
100000 1447 4
100000 1447 5
100000 1449 4
100000 1449 5
100000 1451 3
100000 1451 4
100000 1453 3
100000 1453 4
100000 1455 3
100000 1455 4
100000 1457 2
100000 1457 3
100000 1459 2
100000 1459 3
100000 1461 2
100000 1461 3
100000 1463 1
100000 1463 2
100000 1465 1
100000 1465 2
100000 1467 1
100000 1467 2
100000 1469 0
100000 1469 1
100000 1471 0
100000 1471 1
100000 1473 0
100000 1473 1
100000 1475 9
100000 1475 10
100000 1477 9
100000 1477 10
100000 1479 9
100000 1479 10
100000 1481 10
100000 1481 11
100000 1483 10
100000 1483 11
100000 1485 10
100000 1485 11
100000 1487 11
100000 1487 12
100000 1489 11
100000 1489 12
100000 1491 11
100000 1491 12
100000 1493 12
100000 1493 13
100000 1495 12
100000 1495 13
100000 1497 12
100000 1497 13
100000 1498 13
100000 1498 14
100000 1500 13
100000 1500 14
100000 1502 13
100000 1502 14
100000 1504 14
100000 1504 15
100000 1505 13
100000 1505 14
100000 1507 14
100000 1507 15
100000 1509 14
100000 1509 15
100000 1511 15
100000 1511 16
100000 1513 15
100000 1513 16
100000 1515 15
100000 1515 16
100000 1517 16
100000 1517 17
100000 1519 8
100000 1519 9
100000 1521 8
100000 1521 9
100000 1523 8
100000 1523 9
100000 1525 7
100000 1525 8
100000 1527 7
100000 1527 8
100000 1529 7
100000 1529 8
100000 1531 6
100000 1531 7
100000 1533 6
100000 1533 7
100000 1535 6
100000 1535 7
100000 1537 5
100000 1537 6
100000 1539 5
100000 1539 6
100000 1541 5
100000 1541 6
100000 1543 4
100000 1543 5
100000 1545 4
100000 1545 5
100000 1547 4
100000 1547 5
100000 1549 3
100000 1549 4
100000 1551 3
100000 1551 4
100000 1553 3
100000 1553 4
100000 1555 2
100000 1555 3
100000 1557 2
100000 1557 3
100000 1559 2
100000 1559 3
100000 1561 1
100000 1561 2
100000 1563 1
100000 1563 2
100000 1565 1
100000 1565 2
100000 1567 0
100000 1567 1
100000 1569 9
100000 1569 10
100000 1571 9
100000 1571 10
100000 1573 9
100000 1573 10
100000 1575 10
100000 1575 11
100000 1577 10
100000 1577 11
100000 1579 10
100000 1579 11
100000 1581 11
100000 1581 12
100000 1583 11
100000 1583 12
100000 1585 11
100000 1585 12
100000 1586 12
100000 1586 13
100000 1588 12
100000 1588 13
100000 1590 12
100000 1590 13
100000 1592 13
100000 1592 14
100000 1593 12
100000 1593 13
100000 1595 13
100000 1595 14
100000 1597 13
100000 1597 14
100000 1599 14
100000 1599 15
100000 1601 14
100000 1601 15
100000 1603 14
100000 1603 15
100000 1605 15
100000 1605 16
100000 1607 15
100000 1607 16
100000 1609 15
100000 1609 16
100000 1611 16
100000 1611 17
100000 1613 16
100000 1613 17
100000 1615 16
100000 1615 17
100000 1617 8
100000 1617 9
100000 1619 8
100000 1619 9
100000 1621 8
100000 1621 9
100000 1623 7
100000 1623 8
100000 1625 7
100000 1625 8
100000 1627 7
100000 1627 8
100000 1629 6
100000 1629 7
100000 1631 6
100000 1631 7
100000 1633 6
100000 1633 7
100000 1635 5
100000 1635 6
100000 1637 5
100000 1637 6
100000 1639 5
100000 1639 6
100000 1641 4
100000 1641 5
100000 1643 4
100000 1643 5
100000 1645 4
100000 1645 5
100000 1647 3
100000 1647 4
100000 1649 3
100000 1649 4
100000 1651 3
100000 1651 4
100000 1653 2
100000 1653 3
100000 1655 2
100000 1655 3
100000 1657 2
100000 1657 3
100000 1659 1
100000 1659 2
100000 1661 1
100000 1661 2
100000 1663 1
100000 1663 2
100000 1665 0
100000 1665 1
100000 1667 0
100000 1667 1
100000 1669 0
100000 1669 1
100000 1671 9
100000 1671 10
100000 1673 9
100000 1673 10
100000 1675 9
100000 1675 10
100000 1677 10
100000 1677 11
100000 1679 10
100000 1679 11
100000 1681 10
100000 1681 11
100000 1683 11
100000 1683 12
100000 1685 11
100000 1685 12
100000 1687 12
100000 1687 13
100000 1688 11
100000 1688 12
100000 1690 12
100000 1690 13
100000 1692 12
100000 1692 13
100000 1694 13
100000 1694 14
100000 1696 13
100000 1696 14
100000 1698 13
100000 1698 14
100000 1700 14
100000 1700 15
100000 1702 14
100000 1702 15
100000 1704 14
100000 1704 15
100000 1706 15
100000 1706 16
100000 1708 15
100000 1708 16
100000 1710 15
100000 1710 16
100000 1712 16
100000 1712 17
100000 1714 8
100000 1714 9
100000 1716 8
100000 1716 9
100000 1718 8
100000 1718 9
100000 1720 7
100000 1720 8
100000 1722 7
100000 1722 8
100000 1724 7
100000 1724 8
100000 1726 6
100000 1726 7
100000 1728 6
100000 1728 7
100000 1730 6
100000 1730 7
100000 1732 5
100000 1732 6
100000 1734 5
100000 1734 6
100000 1736 5
100000 1736 6
100000 1738 4
100000 1738 5
100000 1740 4
100000 1740 5
100000 1742 4
100000 1742 5
100000 1744 3
100000 1744 4
100000 1746 3
100000 1746 4
100000 1748 3
100000 1748 4
100000 1750 2
100000 1750 3
100000 1752 2
100000 1752 3
100000 1754 2
100000 1754 3
100000 1756 1
100000 1756 2
100000 1758 1
100000 1758 2
100000 1760 1
100000 1760 2
100000 1762 0
100000 1762 1
100000 1764 9
100000 1764 10
100000 1766 9
100000 1766 10
100000 1768 9
100000 1768 10
100000 1769 10
100000 1769 11
100000 1771 10
100000 1771 11
100000 1773 10
100000 1773 11
100000 1775 11
100000 1775 12
100000 1776 10
100000 1776 11
100000 1778 11
100000 1778 12
100000 1780 11
100000 1780 12
100000 1782 12
100000 1782 13
100000 1784 12
100000 1784 13
100000 1786 12
100000 1786 13
100000 1788 13
100000 1788 14
100000 1790 13
100000 1790 14
100000 1792 13
100000 1792 14
100000 1794 14
100000 1794 15
100000 1796 14
100000 1796 15
100000 1798 14
100000 1798 15
100000 1800 15
100000 1800 16
100000 1802 15
100000 1802 16
100000 1804 15
100000 1804 16
100000 1806 16
100000 1806 17
100000 1808 16
100000 1808 17
100000 1810 16
100000 1810 17
100000 1812 8
100000 1812 9
100000 1814 8
100000 1814 9
100000 1816 8
100000 1816 9
100000 1818 7
100000 1818 8
100000 1820 7
100000 1820 8
100000 1822 7
100000 1822 8
100000 1824 6
100000 1824 7
100000 1826 6
100000 1826 7
100000 1828 6
100000 1828 7
100000 1830 5
100000 1830 6
100000 1832 5
100000 1832 6
100000 1834 5
100000 1834 6
100000 1836 4
100000 1836 5
100000 1838 4
100000 1838 5
100000 1840 4
100000 1840 5
100000 1842 3
100000 1842 4
100000 1844 3
100000 1844 4
100000 1846 3
100000 1846 4
100000 1848 2
100000 1848 3
100000 1850 2
100000 1850 3
100000 1852 2
100000 1852 3
100000 1854 1
100000 1854 2
100000 1856 1
100000 1856 2
100000 1858 1
100000 1858 2
100000 1860 0
100000 1860 1
100000 1862 0
100000 1862 1
100000 1864 0
100000 1864 1
100000 1866 9
100000 1866 10
100000 1868 9
100000 1868 10
100000 1870 10
100000 1870 11
100000 1872 9
100000 1872 10
100000 1874 10
100000 1874 11
100000 1876 10
100000 1876 11
100000 1878 11
100000 1878 12
100000 1880 11
100000 1880 12
100000 1882 11
100000 1882 12
100000 1884 12
100000 1884 13
100000 1886 12
100000 1886 13
100000 1888 12
100000 1888 13
100000 1890 13
100000 1890 14
100000 1892 13
100000 1892 14
100000 1894 13
100000 1894 14
100000 1896 14
100000 1896 15
100000 1898 14
100000 1898 15
100000 1900 14
100000 1900 15
100000 1902 15
100000 1902 16
100000 1904 15
100000 1904 16
100000 1906 15
100000 1906 16
100000 1908 16
100000 1908 17
100000 1910 8
100000 1910 9
100000 1912 8
100000 1912 9
100000 1914 8
100000 1914 9
100000 1916 9
100000 1916 10
100000 1917 8
100000 1917 9
100000 1919 7
100000 1919 8
100000 1921 7
100000 1921 8
100000 1923 7
100000 1923 8
100000 1925 9
100000 1925 10
100000 1927 9
100000 1927 10
100000 1929 10
100000 1929 11
100000 1931 10
100000 1931 11
100000 1933 10
100000 1933 11
100000 1935 11
100000 1935 12
100000 1937 11
100000 1937 12
100000 1939 11
100000 1939 12
100000 1941 12
100000 1941 13
100000 1943 12
100000 1943 13
100000 1945 12
100000 1945 13
100000 1947 13
100000 1947 14
100000 1949 13
100000 1949 14
100000 1951 13
100000 1951 14
100000 1953 14
100000 1953 15
100000 1955 14
100000 1955 15
100000 1957 14
100000 1957 15
100000 1959 15
100000 1959 16
100000 1961 15
100000 1961 16
100000 1963 15
100000 1963 16
100000 1965 16
100000 1965 17
100000 1967 16
100000 1967 17
100000 1969 16
100000 1969 17
100000 1971 8
100000 1971 9
100000 1972 7
100000 1972 8
100000 1974 6
100000 1974 7
100000 1976 6
100000 1976 7
100000 1978 6
100000 1978 7
100000 1980 8
100000 1980 9
100000 1982 8
100000 1982 9
100000 1984 7
100000 1984 8
100000 1985 6
100000 1985 7
100000 1987 5
100000 1987 6
100000 1989 5
100000 1989 6
100000 1991 5
100000 1991 6
100000 1993 7
100000 1993 8
100000 1995 7
100000 1995 8
100000 1997 6
100000 1997 7
100000 1998 5
100000 1998 6
100000 2000 4
100000 2000 5
100000 2002 4
100000 2002 5
100000 2004 4
100000 2004 5
100000 2006 6
100000 2006 7
100000 2008 6
100000 2008 7
100000 2010 5
100000 2010 6
100000 2011 4
100000 2011 5
100000 2013 3
100000 2013 4
100000 2015 3
100000 2015 4
100000 2017 5
100000 2017 6
100000 2019 5
100000 2019 6
100000 2021 4
100000 2021 5
100000 2022 3
100000 2022 4
100000 2023 2
100000 2023 3
100000 2025 2
100000 2025 3
100000 2027 1
100000 2027 2
100000 2029 1
100000 2029 2
100000 2031 1
100000 2031 2
100000 2033 4
100000 2033 5
100000 2035 4
100000 2035 5
100000 2037 3
100000 2037 4
100000 2039 3
100000 2039 4
100000 2041 3
100000 2041 4
100000 2043 3
100000 2043 4
100000 2045 2
100000 2045 3
100000 2046 1
100000 2046 2
100000 2048 0
100000 2048 1
100000 2050 2
100000 2050 3
100000 2052 2
100000 2052 3
100000 2054 1
100000 2054 2
100000 2056 1
100000 2056 2
100000 2058 1
100000 2058 2
100000 2060 1
100000 2060 2
100000 2062 0
100000 2062 1
100000 2064 0
100000 2064 1
100000 2066 0
100000 2066 1
100000 2068 9
100000 2068 10
100000 2070 9
100000 2070 10
100000 2072 9
100000 2072 10
100000 2074 10
100000 2074 11
100000 2076 10
100000 2076 11
100000 2078 10
100000 2078 11
100000 2080 11
100000 2080 12
100000 2082 11
100000 2082 12
100000 2084 11
100000 2084 12
100000 2086 12
100000 2086 13
100000 2088 12
100000 2088 13
100000 2090 12
100000 2090 13
100000 2092 13
100000 2092 14
100000 2094 13
100000 2094 14
100000 2096 13
100000 2096 14
100000 2098 14
100000 2098 15
100000 2100 14
100000 2100 15
100000 2102 14
100000 2102 15
100000 2104 15
100000 2104 16
100000 2106 15
100000 2106 16
100000 2108 15
100000 2108 16
100000 2110 16
100000 2110 17
100000 2112 8
100000 2112 9
100000 2114 8
100000 2114 9
100000 2116 8
100000 2116 9
100000 2118 7
100000 2118 8
100000 2120 7
100000 2120 8
100000 2122 7
100000 2122 8
100000 2124 6
100000 2124 7
100000 2126 6
100000 2126 7
100000 2128 6
100000 2128 7
100000 2130 5
100000 2130 6
100000 2132 5
100000 2132 6
100000 2134 5
100000 2134 6
100000 2136 4
100000 2136 5
100000 2138 4
100000 2138 5
100000 2140 4
100000 2140 5
100000 2141 3
100000 2141 4
100000 2143 3
100000 2143 4
100000 2145 3
100000 2145 4
100000 2147 3
100000 2147 4
100000 2149 2
100000 2149 3
100000 2151 2
100000 2151 3
100000 2153 2
100000 2153 3
100000 2154 1
100000 2154 2
100000 2156 1
100000 2156 2
100000 2158 1
100000 2158 2
100000 2160 0
100000 2160 1
100000 2162 1
100000 2162 2
100000 2164 9
100000 2164 10
100000 2166 9
100000 2166 10
100000 2168 9
100000 2168 10
100000 2170 10
100000 2170 11
100000 2172 10
100000 2172 11
100000 2174 10
100000 2174 11
100000 2176 11
100000 2176 12
100000 2178 11
100000 2178 12
100000 2180 11
100000 2180 12
100000 2182 12
100000 2182 13
100000 2184 12
100000 2184 13
100000 2186 12
100000 2186 13
100000 2188 13
100000 2188 14
100000 2190 13
100000 2190 14
100000 2192 13
100000 2192 14
100000 2194 14
100000 2194 15
100000 2196 14
100000 2196 15
100000 2198 14
100000 2198 15
100000 2200 15
100000 2200 16
100000 2202 15
100000 2202 16
100000 2204 15
100000 2204 16
100000 2206 16
100000 2206 17
100000 2208 16
100000 2208 17
100000 2210 16
100000 2210 17
100000 2212 8
100000 2212 9
100000 2214 8
100000 2214 9
100000 2216 8
100000 2216 9
100000 2218 7
100000 2218 8
100000 2220 7
100000 2220 8
100000 2222 7
100000 2222 8
100000 2224 6
100000 2224 7
100000 2226 6
100000 2226 7
100000 2228 6
100000 2228 7
100000 2230 5
100000 2230 6
100000 2232 5
100000 2232 6
100000 2234 5
100000 2234 6
100000 2236 4
100000 2236 5
100000 2238 4
100000 2238 5
100000 2240 4
100000 2240 5
100000 2242 4
100000 2242 5
100000 2244 3
100000 2244 4
100000 2246 3
100000 2246 4
100000 2248 3
100000 2248 4
100000 2250 2
100000 2250 3
100000 2252 2
100000 2252 3
100000 2254 2
100000 2254 3
100000 2256 9
100000 2256 10
100000 2258 9
100000 2258 10
100000 2260 9
100000 2260 10
100000 2262 10
100000 2262 11
100000 2264 10
100000 2264 11
100000 2266 10
100000 2266 11
100000 2268 11
100000 2268 12
100000 2270 11
100000 2270 12
100000 2272 11
100000 2272 12
100000 2274 12
100000 2274 13
100000 2276 12
100000 2276 13
100000 2278 12
100000 2278 13
100000 2280 13
100000 2280 14
100000 2282 13
100000 2282 14
100000 2284 13
100000 2284 14
100000 2286 14
100000 2286 15
100000 2288 14
100000 2288 15
100000 2290 14
100000 2290 15
100000 2292 15
100000 2292 16
100000 2294 15
100000 2294 16
100000 2296 15
100000 2296 16
100000 2298 16
100000 2298 17
100000 2300 8
100000 2300 9
100000 2302 8
100000 2302 9
100000 2304 8
100000 2304 9
100000 2306 7
100000 2306 8
100000 2308 7
100000 2308 8
100000 2310 7
100000 2310 8
100000 2312 6
100000 2312 7
100000 2314 6
100000 2314 7
100000 2316 6
100000 2316 7
100000 2318 5
100000 2318 6
100000 2320 5
100000 2320 6
100000 2322 5
100000 2322 6
100000 2323 4
100000 2323 5
100000 2325 4
100000 2325 5
100000 2327 4
100000 2327 5
100000 2329 4
100000 2329 5
100000 2331 3
100000 2331 4
100000 2332 2
100000 2332 3
100000 2334 1
100000 2334 2
100000 2336 1
100000 2336 2
100000 2338 1
100000 2338 2
100000 2340 0
100000 2340 1
100000 2342 0
100000 2342 1
100000 2344 0
100000 2344 1
100000 2346 3
100000 2346 4
100000 2348 3
100000 2348 4
100000 2349 2
100000 2349 3
100000 2351 2
100000 2351 3
100000 2353 2
100000 2353 3
100000 2355 1
100000 2355 2
100000 2357 1
100000 2357 2
100000 2359 1
100000 2359 2
100000 2361 0
100000 2361 1
100000 2363 9
100000 2363 10
100000 2365 9
100000 2365 10
100000 2367 9
100000 2367 10
100000 2369 10
100000 2369 11
100000 2371 10
100000 2371 11
100000 2373 10
100000 2373 11
100000 2375 11
100000 2375 12
100000 2377 11
100000 2377 12
100000 2379 11
100000 2379 12
100000 2381 12
100000 2381 13
100000 2383 12
100000 2383 13
100000 2385 12
100000 2385 13
100000 2387 13
100000 2387 14
100000 2389 13
100000 2389 14
100000 2391 13
100000 2391 14
100000 2393 14
100000 2393 15
100000 2395 14
100000 2395 15
100000 2397 14
100000 2397 15
100000 2399 15
100000 2399 16
100000 2401 15
100000 2401 16
100000 2403 15
100000 2403 16
100000 2405 16
100000 2405 17
100000 2407 16
100000 2407 17
100000 2409 16
100000 2409 17
100000 2411 8
100000 2411 9
100000 2413 8
100000 2413 9
100000 2415 8
100000 2415 9
100000 2417 7
100000 2417 8
100000 2419 7
100000 2419 8
100000 2421 7
100000 2421 8
100000 2423 6
100000 2423 7
100000 2425 6
100000 2425 7
100000 2427 6
100000 2427 7
100000 2429 5
100000 2429 6
100000 2431 5
100000 2431 6
100000 2433 5
100000 2433 6
100000 2435 5
100000 2435 6
100000 2437 4
100000 2437 5
100000 2439 4
100000 2439 5
100000 2441 4
100000 2441 5
100000 2443 4
100000 2443 5
100000 2445 3
100000 2445 4
100000 2447 3
100000 2447 4
100000 2449 3
100000 2449 4
100000 2451 2
100000 2451 3
100000 2453 2
100000 2453 3
100000 2455 2
100000 2455 3
100000 2457 1
100000 2457 2
100000 2459 1
100000 2459 2
100000 2461 1
100000 2461 2
100000 2463 0
100000 2463 1
100000 2465 0
100000 2465 1
100000 2467 0
100000 2467 1
100000 2469 9
100000 2469 10
100000 2471 9
100000 2471 10
100000 2473 9
100000 2473 10
100000 2475 10
100000 2475 11
100000 2477 10
100000 2477 11
100000 2479 10
100000 2479 11
100000 2481 11
100000 2481 12
100000 2483 11
100000 2483 12
100000 2485 11
100000 2485 12
100000 2487 12
100000 2487 13
100000 2489 12
100000 2489 13
100000 2491 12
100000 2491 13
100000 2493 13
100000 2493 14
100000 2495 13
100000 2495 14
100000 2497 13
100000 2497 14
100000 2499 14
100000 2499 15
100000 2501 14
100000 2501 15
100000 2503 14
100000 2503 15
100000 2505 15
100000 2505 16
100000 2507 15
100000 2507 16
100000 2509 15
100000 2509 16
100000 2511 16
100000 2511 17
100000 2513 8
100000 2513 9
100000 2515 8
100000 2515 9
100000 2517 8
100000 2517 9
100000 2519 7
100000 2519 8
100000 2521 7
100000 2521 8
100000 2523 7
100000 2523 8
100000 2525 6
100000 2525 7
100000 2527 6
100000 2527 7
100000 2529 6
100000 2529 7
100000 2530 5
100000 2530 6
100000 2532 5
100000 2532 6
100000 2534 5
100000 2534 6
100000 2536 5
100000 2536 6
100000 2537 4
100000 2537 5
100000 2539 4
100000 2539 5
100000 2541 4
100000 2541 5
100000 2543 3
100000 2543 4
100000 2545 3
100000 2545 4
100000 2547 3
100000 2547 4
100000 2549 2
100000 2549 3
100000 2551 2
100000 2551 3
100000 2553 2
100000 2553 3
100000 2555 1
100000 2555 2
100000 2557 1
100000 2557 2
100000 2559 1
100000 2559 2
100000 2561 0
100000 2561 1
100000 2563 9
100000 2563 10
100000 2565 9
100000 2565 10
100000 2567 9
100000 2567 10
100000 2569 10
100000 2569 11
100000 2571 10
100000 2571 11
100000 2573 10
100000 2573 11
100000 2575 11
100000 2575 12
100000 2577 11
100000 2577 12
100000 2579 11
100000 2579 12
100000 2581 12
100000 2581 13
100000 2583 12
100000 2583 13
100000 2585 12
100000 2585 13
100000 2587 13
100000 2587 14
100000 2589 13
100000 2589 14
100000 2591 13
100000 2591 14
100000 2593 14
100000 2593 15
100000 2595 14
100000 2595 15
100000 2597 14
100000 2597 15
100000 2599 15
100000 2599 16
100000 2601 15
100000 2601 16
100000 2603 15
100000 2603 16
100000 2605 16
100000 2605 17
100000 2607 16
100000 2607 17
100000 2609 16
100000 2609 17
100000 2611 8
100000 2611 9
100000 2613 8
100000 2613 9
100000 2615 8
100000 2615 9
100000 2617 7
100000 2617 8
100000 2619 7
100000 2619 8
100000 2621 7
100000 2621 8
100000 2623 6
100000 2623 7
100000 2625 6
100000 2625 7
100000 2627 6
100000 2627 7
100000 2628 5
100000 2628 6
100000 2630 5
100000 2630 6
100000 2632 5
100000 2632 6
100000 2634 4
100000 2634 5
100000 2636 4
100000 2636 5
100000 2638 4
100000 2638 5
100000 2640 3
100000 2640 4
100000 2642 3
100000 2642 4
100000 2644 3
100000 2644 4
100000 2646 2
100000 2646 3
100000 2648 2
100000 2648 3
100000 2650 2
100000 2650 3
100000 2652 1
100000 2652 2
100000 2654 1
100000 2654 2
100000 2656 1
100000 2656 2
100000 2658 0
100000 2658 1
100000 2660 0
100000 2660 1
100000 2662 0
100000 2662 1
100000 2664 9
100000 2664 10
100000 2666 9
100000 2666 10
100000 2668 9
100000 2668 10
100000 2670 10
100000 2670 11
100000 2672 10
100000 2672 11
100000 2674 10
100000 2674 11
100000 2676 11
100000 2676 12
100000 2678 11
100000 2678 12
100000 2680 11
100000 2680 12
100000 2682 12
100000 2682 13
100000 2684 12
100000 2684 13
100000 2686 12
100000 2686 13
100000 2688 13
100000 2688 14
100000 2690 13
100000 2690 14
100000 2692 13
100000 2692 14
100000 2694 14
100000 2694 15
100000 2696 14
100000 2696 15
100000 2698 14
100000 2698 15
100000 2700 15
100000 2700 16
100000 2702 15
100000 2702 16
100000 2704 15
100000 2704 16
100000 2706 16
100000 2706 17
100000 2708 8
100000 2708 9
100000 2710 8
100000 2710 9
100000 2712 8
100000 2712 9
100000 2714 7
100000 2714 8
100000 2716 7
100000 2716 8
100000 2717 6
100000 2717 7
100000 2719 6
100000 2719 7
100000 2721 6
100000 2721 7
100000 2723 5
100000 2723 6
100000 2725 5
100000 2725 6
100000 2727 5
100000 2727 6
100000 2729 4
100000 2729 5
100000 2731 4
100000 2731 5
100000 2733 4
100000 2733 5
100000 2735 3
100000 2735 4
100000 2737 3
100000 2737 4
100000 2739 3
100000 2739 4
100000 2741 2
100000 2741 3
100000 2743 2
100000 2743 3
100000 2745 2
100000 2745 3
100000 2747 1
100000 2747 2
100000 2749 1
100000 2749 2
100000 2751 1
100000 2751 2
100000 2753 0
100000 2753 1
100000 2755 9
100000 2755 10
100000 2757 9
100000 2757 10
100000 2759 9
100000 2759 10
100000 2761 10
100000 2761 11
100000 2763 10
100000 2763 11
100000 2765 10
100000 2765 11
100000 2767 11
100000 2767 12
100000 2769 11
100000 2769 12
100000 2771 11
100000 2771 12
100000 2773 12
100000 2773 13
100000 2775 12
100000 2775 13
100000 2777 12
100000 2777 13
100000 2779 13
100000 2779 14
100000 2781 13
100000 2781 14
100000 2783 13
100000 2783 14
100000 2785 14
100000 2785 15
100000 2787 14
100000 2787 15
100000 2789 14
100000 2789 15
100000 2791 15
100000 2791 16
100000 2793 15
100000 2793 16
100000 2795 15
100000 2795 16
100000 2797 16
100000 2797 17
100000 2799 16
100000 2799 17
100000 2801 16
100000 2801 17
100000 2803 8
100000 2803 9
100000 2805 8
100000 2805 9
100000 2807 8
100000 2807 9
100000 2809 7
100000 2809 8
100000 2811 7
100000 2811 8
100000 2813 7
100000 2813 8
100000 2815 6
100000 2815 7
100000 2817 6
100000 2817 7
100000 2819 6
100000 2819 7
100000 2821 5
100000 2821 6
100000 2823 5
100000 2823 6
100000 2825 5
100000 2825 6
100000 2827 4
100000 2827 5
100000 2829 4
100000 2829 5
100000 2831 4
100000 2831 5
100000 2833 3
100000 2833 4
100000 2835 3
100000 2835 4
100000 2837 3
100000 2837 4
100000 2839 2
100000 2839 3
100000 2841 2
100000 2841 3
100000 2843 2
100000 2843 3
100000 2845 1
100000 2845 2
100000 2847 1
100000 2847 2
100000 2849 1
100000 2849 2
100000 2851 0
100000 2851 1
100000 2853 0
100000 2853 1
100000 2855 0
100000 2855 1
100000 2857 9
100000 2857 10
100000 2859 9
100000 2859 10
100000 2861 9
100000 2861 10
100000 2863 10
100000 2863 11
100000 2865 10
100000 2865 11
100000 2867 10
100000 2867 11
100000 2869 11
100000 2869 12
100000 2871 11
100000 2871 12
100000 2873 11
100000 2873 12
100000 2875 11
100000 2875 12
100000 2877 12
100000 2877 13
100000 2879 12
100000 2879 13
100000 2881 12
100000 2881 13
100000 2883 13
100000 2883 14
100000 2885 13
100000 2885 14
100000 2887 13
100000 2887 14
100000 2889 13
100000 2889 14
100000 2891 14
100000 2891 15
100000 2893 14
100000 2893 15
100000 2895 14
100000 2895 15
100000 2897 15
100000 2897 16
100000 2899 15
100000 2899 16
100000 2901 15
100000 2901 16
100000 2903 15
100000 2903 16
100000 2905 16
100000 2905 17
100000 2906 8
100000 2906 9
100000 2908 8
100000 2908 9
100000 2910 8
100000 2910 9
100000 2912 7
100000 2912 8
100000 2914 7
100000 2914 8
100000 2916 7
100000 2916 8
100000 2918 6
100000 2918 7
100000 2920 6
100000 2920 7
100000 2922 6
100000 2922 7
100000 2924 5
100000 2924 6
100000 2926 5
100000 2926 6
100000 2928 5
100000 2928 6
100000 2930 4
100000 2930 5
100000 2932 4
100000 2932 5
100000 2934 4
100000 2934 5
100000 2936 3
100000 2936 4
100000 2938 3
100000 2938 4
100000 2940 3
100000 2940 4
100000 2942 2
100000 2942 3
100000 2944 2
100000 2944 3
100000 2946 2
100000 2946 3
100000 2948 1
100000 2948 2
100000 2950 1
100000 2950 2
100000 2952 1
100000 2952 2
100000 2954 0
100000 2954 1
100000 2956 9
100000 2956 10
100000 2958 9
100000 2958 10
100000 2960 9
100000 2960 10
100000 2962 10
100000 2962 11
100000 2964 10
100000 2964 11
100000 2966 10
100000 2966 11
100000 2968 11
100000 2968 12
100000 2970 11
100000 2970 12
100000 2972 11
100000 2972 12
100000 2974 12
100000 2974 13
100000 2976 12
100000 2976 13
100000 2978 12
100000 2978 13
100000 2980 13
100000 2980 14
100000 2982 13
100000 2982 14
100000 2984 13
100000 2984 14
100000 2986 14
100000 2986 15
100000 2988 14
100000 2988 15
100000 2990 14
100000 2990 15
100000 2992 15
100000 2992 16
100000 2994 15
100000 2994 16
100000 2996 15
100000 2996 16
100000 2998 16
100000 2998 17
100000 3000 16
100000 3000 17
100000 3002 16
100000 3002 17
100000 3004 8
100000 3004 9
100000 3006 8
100000 3006 9
100000 3008 8
100000 3008 9
100000 3010 7
100000 3010 8
100000 3012 7
100000 3012 8
100000 3014 7
100000 3014 8
100000 3016 6
100000 3016 7
100000 3018 6
100000 3018 7
100000 3020 6
100000 3020 7
100000 3022 5
100000 3022 6
100000 3024 5
100000 3024 6
100000 3026 5
100000 3026 6
100000 3028 4
100000 3028 5
100000 3030 4
100000 3030 5
100000 3032 4
100000 3032 5
100000 3034 3
100000 3034 4
100000 3036 3
100000 3036 4
100000 3038 3
100000 3038 4
100000 3040 2
100000 3040 3
100000 3042 2
100000 3042 3
100000 3044 2
100000 3044 3
100000 3046 1
100000 3046 2
100000 3048 1
100000 3048 2
100000 3050 1
100000 3050 2
100000 3052 0
100000 3052 1
100000 3054 0
100000 3054 1
100000 3056 0
100000 3056 1
100000 3058 9
100000 3058 10
100000 3060 9
100000 3060 10
100000 3062 9
100000 3062 10
100000 3064 10
100000 3064 11
100000 3066 10
100000 3066 11
100000 3068 10
100000 3068 11
100000 3070 11
100000 3070 12
100000 3072 11
100000 3072 12
100000 3074 11
100000 3074 12
100000 3076 12
100000 3076 13
100000 3078 12
100000 3078 13
100000 3080 12
100000 3080 13
100000 3082 13
100000 3082 14
100000 3084 13
100000 3084 14
100000 3086 13
100000 3086 14
100000 3088 14
100000 3088 15
100000 3090 14
100000 3090 15
100000 3092 14
100000 3092 15
100000 3094 15
100000 3094 16
100000 3096 15
100000 3096 16
100000 3098 15
100000 3098 16
100000 3100 8
100000 3100 9
100000 3102 8
100000 3102 9
100000 3104 8
100000 3104 9
100000 3106 7
100000 3106 8
100000 3108 7
100000 3108 8
100000 3110 7
100000 3110 8
100000 3112 6
100000 3112 7
100000 3114 6
100000 3114 7
100000 3116 6
100000 3116 7
100000 3118 5
100000 3118 6
100000 3120 5
100000 3120 6
100000 3122 5
100000 3122 6
100000 3124 4
100000 3124 5
100000 3126 4
100000 3126 5
100000 3128 4
100000 3128 5
100000 3130 3
100000 3130 4
100000 3132 3
100000 3132 4
100000 3134 3
100000 3134 4
100000 3136 2
100000 3136 3
100000 3138 2
100000 3138 3
100000 3140 2
100000 3140 3
100000 3142 1
100000 3142 2
100000 3144 1
100000 3144 2
100000 3146 1
100000 3146 2
100000 3148 0
100000 3148 1
100000 3150 9
100000 3150 10
100000 3152 9
100000 3152 10
100000 3154 9
100000 3154 10
100000 3156 10
100000 3156 11
100000 3158 10
100000 3158 11
100000 3160 10
100000 3160 11
100000 3162 11
100000 3162 12
100000 3164 11
100000 3164 12
100000 3166 11
100000 3166 12
100000 3168 12
100000 3168 13
100000 3170 12
100000 3170 13
100000 3172 12
100000 3172 13
100000 3174 13
100000 3174 14
100000 3176 13
100000 3176 14
100000 3178 13
100000 3178 14
100000 3180 14
100000 3180 15
100000 3182 14
100000 3182 15
100000 3184 14
100000 3184 15
100000 3186 8
100000 3186 9
100000 3188 8
100000 3188 9
100000 3190 8
100000 3190 9
100000 3192 7
100000 3192 8
100000 3194 7
100000 3194 8
100000 3196 7
100000 3196 8
100000 3198 6
100000 3198 7
100000 3200 6
100000 3200 7
100000 3202 6
100000 3202 7
100000 3204 5
100000 3204 6
100000 3206 5
100000 3206 6
100000 3208 5
100000 3208 6
100000 3210 4
100000 3210 5
100000 3212 4
100000 3212 5
100000 3214 4
100000 3214 5
100000 3216 3
100000 3216 4
100000 3218 3
100000 3218 4
100000 3220 3
100000 3220 4
100000 3222 2
100000 3222 3
100000 3224 2
100000 3224 3
100000 3226 2
100000 3226 3
100000 3228 1
100000 3228 2
100000 3230 1
100000 3230 2
100000 3232 1
100000 3232 2
100000 3234 0
100000 3234 1
100000 3236 0
100000 3236 1
100000 3238 0
100000 3238 1
100000 3240 9
100000 3240 10
100000 3242 9
100000 3242 10
100000 3244 9
100000 3244 10
100000 3246 10
100000 3246 11
100000 3248 10
100000 3248 11
100000 3250 10
100000 3250 11
100000 3252 11
100000 3252 12
100000 3254 11
100000 3254 12
100000 3256 11
100000 3256 12
100000 3258 12
100000 3258 13
100000 3260 12
100000 3260 13
100000 3262 12
100000 3262 13
100000 3264 13
100000 3264 14
100000 3266 13
100000 3266 14
100000 3268 13
100000 3268 14
100000 3270 8
100000 3270 9
100000 3272 8
100000 3272 9
100000 3274 8
100000 3274 9
100000 3276 7
100000 3276 8
100000 3278 7
100000 3278 8
100000 3280 7
100000 3280 8
100000 3282 6
100000 3282 7
100000 3284 6
100000 3284 7
100000 3286 6
100000 3286 7
100000 3288 5
100000 3288 6
100000 3290 5
100000 3290 6
100000 3292 5
100000 3292 6
100000 3294 4
100000 3294 5
100000 3296 4
100000 3296 5
100000 3298 4
100000 3298 5
100000 3300 3
100000 3300 4
100000 3302 3
100000 3302 4
100000 3304 3
100000 3304 4
100000 3306 2
100000 3306 3
100000 3308 2
100000 3308 3
100000 3310 2
100000 3310 3
100000 3312 1
100000 3312 2
100000 3314 1
100000 3314 2
100000 3316 1
100000 3316 2
100000 3318 0
100000 3318 1
100000 3320 9
100000 3320 10
100000 3322 9
100000 3322 10
100000 3324 9
100000 3324 10
100000 3326 10
100000 3326 11
100000 3328 10
100000 3328 11
100000 3330 10
100000 3330 11
100000 3332 11
100000 3332 12
100000 3334 11
100000 3334 12
100000 3336 11
100000 3336 12
100000 3338 12
100000 3338 13
100000 3340 12
100000 3340 13
100000 3342 12
100000 3342 13
100000 3344 8
100000 3344 9
100000 3346 8
100000 3346 9
100000 3348 8
100000 3348 9
100000 3350 7
100000 3350 8
100000 3352 7
100000 3352 8
100000 3354 7
100000 3354 8
100000 3356 6
100000 3356 7
100000 3358 6
100000 3358 7
100000 3360 6
100000 3360 7
100000 3362 5
100000 3362 6
100000 3364 5
100000 3364 6
100000 3366 5
100000 3366 6
100000 3368 4
100000 3368 5
100000 3370 4
100000 3370 5
100000 3372 4
100000 3372 5
100000 3374 3
100000 3374 4
100000 3376 3
100000 3376 4
100000 3378 3
100000 3378 4
100000 3380 2
100000 3380 3
100000 3382 2
100000 3382 3
100000 3384 2
100000 3384 3
100000 3386 1
100000 3386 2
100000 3388 1
100000 3388 2
100000 3390 1
100000 3390 2
100000 3392 0
100000 3392 1
100000 3394 0
100000 3394 1
100000 3396 0
100000 3396 1
100000 3398 9
100000 3398 10
100000 3400 9
100000 3400 10
100000 3402 9
100000 3402 10
100000 3404 10
100000 3404 11
100000 3406 10
100000 3406 11
100000 3408 10
100000 3408 11
100000 3410 11
100000 3410 12
100000 3412 11
100000 3412 12
100000 3414 11
100000 3414 12
100000 3416 8
100000 3416 9
100000 3418 8
100000 3418 9
100000 3420 8
100000 3420 9
100000 3422 7
100000 3422 8
100000 3424 7
100000 3424 8
100000 3426 7
100000 3426 8
100000 3428 6
100000 3428 7
100000 3430 6
100000 3430 7
100000 3432 6
100000 3432 7
100000 3434 5
100000 3434 6
100000 3436 5
100000 3436 6
100000 3438 5
100000 3438 6
100000 3440 4
100000 3440 5
100000 3442 4
100000 3442 5
100000 3444 4
100000 3444 5
100000 3446 3
100000 3446 4
100000 3448 3
100000 3448 4
100000 3450 3
100000 3450 4
100000 3452 2
100000 3452 3
100000 3454 2
100000 3454 3
100000 3456 2
100000 3456 3
100000 3458 1
100000 3458 2
100000 3460 1
100000 3460 2
100000 3462 1
100000 3462 2
100000 3464 0
100000 3464 1
100000 3466 9
100000 3466 10
100000 3468 9
100000 3468 10
100000 3470 9
100000 3470 10
100000 3472 10
100000 3472 11
100000 3474 10
100000 3474 11
100000 3476 10
100000 3476 11
100000 3478 8
100000 3478 9
100000 3480 8
100000 3480 9
100000 3482 8
100000 3482 9
100000 3484 7
100000 3484 8
100000 3486 7
100000 3486 8
100000 3488 7
100000 3488 8
100000 3490 6
100000 3490 7
100000 3492 6
100000 3492 7
100000 3494 6
100000 3494 7
100000 3496 5
100000 3496 6
100000 3498 5
100000 3498 6
100000 3500 5
100000 3500 6
100000 3502 4
100000 3502 5
100000 3504 4
100000 3504 5
100000 3506 4
100000 3506 5
100000 3508 3
100000 3508 4
100000 3510 3
100000 3510 4
100000 3512 3
100000 3512 4
100000 3514 2
100000 3514 3
100000 3516 2
100000 3516 3
100000 3518 2
100000 3518 3
100000 3520 1
100000 3520 2
100000 3522 1
100000 3522 2
100000 3524 1
100000 3524 2
100000 3526 0
100000 3526 1
100000 3528 0
100000 3528 1
100000 3530 0
100000 3530 1
100000 3532 9
100000 3532 10
100000 3534 9
100000 3534 10
100000 3536 9
100000 3536 10
100000 3538 8
100000 3538 9
100000 3540 8
100000 3540 9
100000 3542 8
100000 3542 9
100000 3544 7
100000 3544 8
100000 3546 7
100000 3546 8
100000 3548 7
100000 3548 8
100000 3550 6
100000 3550 7
100000 3552 6
100000 3552 7
100000 3554 6
100000 3554 7
100000 3556 5
100000 3556 6
100000 3558 5
100000 3558 6
100000 3560 5
100000 3560 6
100000 3562 4
100000 3562 5
100000 3564 4
100000 3564 5
100000 3566 4
100000 3566 5
100000 3568 3
100000 3568 4
100000 3570 3
100000 3570 4
100000 3572 3
100000 3572 4
100000 3574 2
100000 3574 3
100000 3576 2
100000 3576 3
100000 3578 2
100000 3578 3
100000 3580 1
100000 3580 2
100000 3582 0
100000 3582 1
100000 3584 0
100000 3584 1
100000 3586 0
100000 3586 1
100000 3588 1
100000 3588 2
