191 236
-5000 0 0
5000 0 1
2500 2 1
-5000 4 1
5000 4 2
-2500 6 2
-2500 8 1
5000 9 2
-2500 9 3
-1249 11 3
5000 13 2
5000 15 1
5000 15 2
5000 17 1
5000 17 2
5000 19 2
-5000 21 1
5000 23 0
5000 23 1
5000 25 0
5000 25 1
5000 27 1
5000 27 3
5000 27 4
5000 29 3
5000 31 2
5000 31 3
-5000 33 2
5000 33 3
5000 36 2
5000 38 1
5000 38 2
5000 40 1
5000 41 2
5000 43 2
-5000 43 3
5000 43 4
5000 45 3
5000 45 4
-5000 47 3
5000 47 4
5000 50 2
5000 50 3
5000 52 2
5000 52 3
5000 54 2
5000 54 3
5000 56 2
5000 58 1
5000 58 2
5000 60 1
5000 62 0
-5000 62 2
2500 64 1
5000 66 0
5000 66 1
5000 68 0
5000 68 1
5000 70 1
5000 70 2
5000 70 3
5000 70 4
-5000 73 2
5000 73 3
5000 75 2
5000 75 3
5000 77 2
5000 79 1
5000 79 2
5000 81 1
5000 81 2
5000 83 1
-1250 85 1
5000 85 3
5000 87 3
5000 87 4
5000 89 3
-5000 89 4
-5000 91 3
5000 93 2
5000 95 2
5000 95 3
5000 97 2
5000 99 1
5000 99 3
5000 102 2
5000 104 1
5000 106 0
5000 106 2
-7500 108 1
5000 110 0
5000 110 2
5000 110 3
5000 113 1
5000 115 0
5000 115 1
5000 115 2
5000 115 3
5000 117 2
5000 120 0
5000 120 1
5000 120 3
5000 122 2
5000 124 1
5000 124 3
5000 124 4
5000 127 2
5000 129 1
5000 129 2
5000 129 3
5000 129 4
5000 131 3
5000 134 1
5000 135 2
5000 135 4
-2500 137 3
5000 139 2
-5000 139 4
5000 141 3
5000 143 2
5000 145 1
5000 145 3
5000 148 2
5000 150 1
5000 150 2
5000 152 1
5000 154 0
-5000 154 1
5000 156 0
5000 156 1
5000 158 1
-5000 158 2
5000 158 3
5000 160 2
5000 160 3
5000 162 2
5000 162 3
5000 164 2
5000 166 1
-5000 166 2
5000 168 1
-2500 170 0
5000 170 2
3333 172 1
5000 172 2
-2500 172 3
1249 172 4
5000 174 3
5000 174 4
5000 176 3
-5000 176 4
5000 178 3
-5000 180 2
5000 180 3
5000 182 2
5000 182 3
5000 185 2
-5000 187 1
5000 187 2
5000 189 1
5000 189 2
5000 191 1
5000 193 0
5000 193 1
5000 195 0
-5000 195 1
5000 197 0
5000 197 1
5000 197 2
5000 199 2
5000 199 3
5000 201 2
-5000 201 3
5000 203 2
5000 205 1
5000 205 2
5000 207 1
-5000 207 2
5000 209 1
5000 209 2
5000 209 3
-5000 211 3
5000 211 4
5000 213 3
5000 213 4
5000 215 3
5000 217 2
5000 217 3
5000 219 2
5000 219 3
5000 222 2
100000 1 0
100000 1 1
100000 3 0
100000 3 1
100000 5 1
100000 5 2
100000 7 1
100000 7 2
100000 9 0
100000 9 1
100000 10 2
100000 10 3
100000 12 2
100000 12 3
100000 14 1
100000 14 2
100000 16 1
100000 16 2
100000 18 1
100000 18 2
100000 20 1
100000 20 2
100000 22 0
100000 22 1
100000 24 0
100000 24 1
100000 26 0
100000 26 1
100000 28 3
100000 28 4
100000 30 2
100000 30 3
100000 32 2
100000 32 3
100000 34 2
100000 34 3
100000 35 1
100000 35 2
100000 37 1
100000 37 2
100000 39 1
100000 39 2
100000 41 0
100000 41 1
100000 42 1
100000 42 2
100000 44 3
100000 44 4
100000 46 3
100000 46 4
100000 48 3
100000 48 4
100000 49 2
100000 49 3
100000 51 2
100000 51 3
100000 53 2
100000 53 3
100000 55 2
100000 55 3
100000 57 1
100000 57 2
100000 59 1
100000 59 2
100000 61 0
100000 61 1
100000 63 1
100000 63 2
100000 65 0
100000 65 1
100000 67 0
100000 67 1
100000 69 0
100000 69 1
100000 71 3
100000 71 4
100000 72 2
100000 72 3
100000 74 2
100000 74 3
100000 76 2
100000 76 3
100000 78 1
100000 78 2
100000 80 1
100000 80 2
100000 82 1
100000 82 2
100000 84 0
100000 84 1
100000 86 3
100000 86 4
100000 88 3
100000 88 4
100000 90 3
100000 90 4
100000 92 2
100000 92 3
100000 94 2
100000 94 3
100000 96 2
100000 96 3
100000 98 1
100000 98 2
100000 100 3
100000 100 4
100000 101 2
100000 101 3
100000 103 1
100000 103 2
100000 105 0
100000 105 1
100000 107 1
100000 107 2
100000 109 0
100000 109 1
100000 111 2
100000 111 3
100000 112 1
100000 112 2
100000 114 0
100000 114 1
100000 116 2
100000 116 3
100000 118 1
100000 118 2
100000 119 0
100000 119 1
100000 121 2
100000 121 3
100000 123 1
100000 123 2
100000 125 3
100000 125 4
100000 126 2
100000 126 3
100000 128 1
100000 128 2
100000 130 3
100000 130 4
100000 132 2
100000 132 3
100000 133 1
100000 133 2
100000 135 0
100000 135 1
100000 136 3
100000 136 4
100000 138 2
100000 138 3
100000 140 3
100000 140 4
100000 142 2
100000 142 3
100000 144 1
100000 144 2
100000 146 3
100000 146 4
100000 147 2
100000 147 3
100000 149 1
100000 149 2
100000 151 1
100000 151 2
100000 153 0
100000 153 1
100000 155 0
100000 155 1
100000 157 0
100000 157 1
100000 159 2
100000 159 3
100000 161 2
100000 161 3
100000 163 2
100000 163 3
100000 165 1
100000 165 2
100000 167 1
100000 167 2
100000 169 0
100000 169 1
100000 171 1
100000 171 2
100000 173 3
100000 173 4
100000 175 3
100000 175 4
100000 177 3
100000 177 4
100000 179 2
100000 179 3
100000 181 2
100000 181 3
100000 183 3
100000 183 4
100000 184 2
100000 184 3
100000 186 1
100000 186 2
100000 188 1
100000 188 2
100000 190 1
100000 190 2
100000 192 0
100000 192 1
100000 194 0
100000 194 1
100000 196 0
100000 196 1
100000 198 2
100000 198 3
100000 200 2
100000 200 3
100000 202 2
100000 202 3
100000 204 1
100000 204 2
100000 206 1
100000 206 2
100000 208 1
100000 208 2
100000 210 3
100000 210 4
100000 212 3
100000 212 4
100000 214 3
100000 214 4
100000 216 2
100000 216 3
100000 218 2
100000 218 3
100000 220 3
100000 220 4
100000 221 2
100000 221 3
