970 1052
5000 0 0
-5000 0 1
7500 2 1
5000 4 1
-1249 4 2
2500 6 2
5000 8 2
-5000 10 3
-5872 12 2
5000 14 1
5000 14 2
5000 16 1
5000 16 2
5000 18 1
5000 20 0
5000 20 1
-5000 22 0
5000 22 1
-5000 24 1
-5000 24 2
5000 24 3
5000 26 2
5000 26 3
5000 28 2
5000 28 3
5000 30 2
5000 32 1
5000 32 2
5000 34 1
5000 35 2
5000 37 2
-5000 37 3
5000 37 4
-2500 37 5
2500 39 5
-6666 41 4
5000 43 3
5000 43 4
5000 45 3
5000 45 4
5000 47 3
5000 49 2
-5000 49 3
5000 51 2
5000 51 3
5000 53 2
5000 55 1
5000 55 2
5000 57 1
5000 57 2
5000 59 1
5000 61 0
-5000 61 1
5000 63 0
5000 63 1
5000 65 1
-5000 65 2
5000 65 3
-5000 65 4
5000 65 5
5000 65 6
2500 67 6
5000 69 5
5000 71 4
5000 71 5
5000 73 4
5000 73 5
5000 75 4
5000 77 3
-5000 77 4
5000 79 3
5000 79 4
5000 81 3
5000 83 2
5000 83 3
5000 85 2
5000 85 3
5000 87 2
5000 89 1
-5000 89 2
5000 91 1
5000 92 2
5000 94 2
-5000 94 3
5000 94 4
-5000 94 5
-5000 94 6
1249 94 7
-1249 96 7
5000 98 6
5000 100 5
5000 100 6
5000 102 5
5000 102 6
5000 104 5
5000 106 4
-5000 106 5
5000 108 4
5000 108 5
5000 110 4
5000 112 3
5000 112 4
5000 114 3
5000 114 4
5000 116 3
5000 118 2
-5000 118 3
5000 120 2
5000 120 3
5000 122 2
5000 124 1
5000 124 2
5000 126 1
5000 126 2
5000 128 1
5000 130 0
-5000 130 1
5000 132 0
5000 132 1
5000 134 1
-5000 134 2
5000 134 3
-5000 134 4
5000 134 5
-5000 134 6
5000 134 7
2500 134 8
-1249 136 8
-2500 138 7
5000 140 6
5000 140 7
5000 142 6
5000 142 7
5000 144 6
5000 146 5
-5000 146 6
5000 148 5
5000 148 6
5000 150 5
5000 152 4
5000 152 5
5000 154 4
5000 154 5
5000 156 4
5000 158 3
-5000 158 4
5000 160 3
5000 160 4
5000 162 3
5000 164 2
5000 164 3
5000 166 2
5000 166 3
5000 168 2
5000 170 1
-5000 170 2
5000 172 1
5000 173 2
5000 175 2
-5000 175 3
5000 175 4
-5000 175 5
5000 175 6
-5000 175 7
5000 175 8
2500 175 9
-1249 177 9
2500 179 8
5000 181 7
5000 181 8
5000 183 7
5000 183 8
5000 185 7
5000 187 6
-5000 187 7
5000 189 6
5000 189 7
5000 191 6
5000 193 5
5000 193 6
5000 195 5
5000 195 6
5000 197 5
5000 199 4
-5000 199 5
5000 201 4
5000 201 5
5000 203 4
5000 205 3
5000 205 4
5000 207 3
5000 207 4
5000 209 3
5000 211 2
5000 211 3
5000 213 2
-5000 213 3
5000 215 2
5000 217 1
5000 217 2
5000 219 1
5000 219 2
5000 221 1
5000 223 0
-5000 223 1
5000 225 0
5000 225 1
5000 227 1
-5000 227 2
-5000 227 3
-5000 227 4
5000 227 5
-5000 227 6
-5000 227 7
-5000 227 8
6666 227 9
5000 229 8
-5000 229 9
5000 231 8
5000 231 9
8750 234 7
5000 234 8
5000 236 7
5000 236 8
5000 238 7
5000 238 8
5000 240 7
5000 242 6
5000 242 7
5000 244 6
5000 244 7
5000 246 6
5000 248 5
-5000 248 6
5000 250 5
5000 250 6
5000 252 5
5000 254 4
5000 254 5
5000 256 4
-2500 258 3
5000 258 5
5000 260 4
5000 262 3
5000 262 4
5000 264 3
5000 264 4
5000 266 3
5000 268 2
5000 268 3
5000 270 2
5000 270 3
5000 272 2
5000 274 1
-5000 274 2
5000 276 1
5000 277 2
-2500 279 1
5000 279 2
7500 279 3
-5000 279 4
-6250 279 5
5000 279 6
5000 279 7
5000 279 8
5000 279 9
5000 282 7
5000 282 8
5000 284 7
-5000 284 8
5000 286 7
-5000 288 6
5000 288 7
5000 290 6
5000 290 7
5000 292 6
5000 294 5
5000 294 6
5000 296 5
-5000 296 6
5000 298 5
-5000 300 4
5000 300 5
5000 302 4
5000 302 5
5000 304 4
-5000 306 3
5000 306 4
5000 308 3
5000 308 4
5000 310 3
5000 312 2
5000 312 3
5000 314 2
-5000 314 3
5000 316 2
5000 318 1
5000 318 2
5000 320 1
-5000 320 2
-5000 322 1
5000 324 0
5000 324 1
5000 326 0
5000 326 1
5000 328 0
5000 328 1
5000 328 2
5000 328 3
5000 328 4
5000 328 5
5000 328 6
5000 328 7
5000 328 8
5000 330 8
5000 330 9
5000 332 8
-5000 332 9
5000 334 8
-5000 336 7
5000 336 8
5000 338 7
5000 338 8
5000 341 7
5000 343 6
5000 343 7
5000 345 6
-5000 345 7
5000 347 6
-5000 349 5
5000 349 6
5000 351 5
5000 351 6
5000 353 5
5000 355 4
5000 355 5
5000 357 4
-5000 357 5
5000 359 4
-5000 361 3
5000 361 4
5000 363 3
5000 363 4
5000 365 3
-5000 367 2
5000 367 3
5000 369 2
5000 369 3
5000 371 2
5000 374 0
5000 374 1
1249 374 2
5000 376 1
5000 376 2
5000 378 1
-5000 378 2
5000 380 1
5000 381 2
5000 381 3
5000 381 4
5000 381 5
5000 381 6
5000 381 7
5000 383 7
5000 383 8
5000 385 7
-5000 385 8
5000 387 7
5000 389 6
5000 389 7
5000 391 6
-5000 391 7
5000 393 6
5000 395 5
5000 395 6
5000 397 5
-5000 397 6
5000 399 5
-5000 401 4
5000 401 5
5000 403 4
5000 403 5
5000 405 4
5000 407 3
5000 407 4
5000 409 3
-5000 409 4
5000 411 3
5000 413 2
5000 413 3
5000 415 2
5000 417 1
5000 417 3
5000 417 4
5000 417 5
5000 417 6
5000 417 7
5000 417 8
5000 419 8
5000 419 9
5000 421 8
-5000 421 9
5000 423 8
-5000 425 7
5000 425 8
5000 427 7
5000 427 8
5000 430 7
5000 432 6
5000 432 7
5000 434 6
-5000 434 7
5000 436 6
-5000 438 5
5000 438 6
5000 440 5
5000 440 6
5000 442 5
5000 444 4
5000 444 5
5000 446 4
-5000 446 5
5000 448 4
5000 451 2
5000 453 1
5000 453 2
5000 455 1
5000 457 0
-5000 457 1
5000 459 0
5000 459 1
5000 461 1
-5000 461 2
5000 461 3
1249 461 4
5000 463 3
5000 463 4
5000 465 3
5000 467 2
-5000 467 4
5000 469 3
5000 471 2
5000 471 3
5000 473 2
5000 475 1
-5000 475 2
5000 477 1
5000 478 2
5000 480 2
-5000 480 3
5000 480 4
5000 480 5
5000 480 6
5000 480 7
5000 482 7
5000 482 8
5000 484 7
-5000 484 8
5000 486 7
5000 488 6
5000 488 7
5000 490 6
-5000 490 7
5000 492 6
-5000 494 5
5000 494 6
5000 496 5
5000 496 6
5000 498 5
5000 500 4
5000 500 5
5000 502 4
5000 504 3
5000 504 5
5000 504 6
5000 504 7
5000 504 8
5000 506 8
5000 506 9
5000 508 8
-5000 508 9
5000 510 8
-5000 512 7
5000 512 8
5000 514 7
5000 514 8
5000 517 7
5000 519 6
5000 519 7
5000 521 6
-5000 521 7
-5000 523 6
5000 526 4
5000 528 3
5000 528 4
5000 530 3
5000 532 2
-5000 532 3
5000 534 2
5000 534 3
5000 536 2
5000 538 1
5000 538 2
5000 540 1
5000 540 2
5000 542 1
5000 544 0
-5000 544 1
5000 546 0
5000 546 1
5000 548 1
-5000 548 2
5000 548 3
-5000 548 4
5000 548 5
5000 548 6
5000 550 5
5000 550 6
5000 552 5
5000 554 4
5000 554 6
5000 554 7
-5000 556 7
5000 556 8
5000 558 7
5000 558 8
5000 560 7
5000 563 5
5000 565 4
5000 565 5
5000 567 4
5000 569 3
-5000 569 4
5000 571 3
5000 571 4
5000 573 3
5000 575 2
5000 575 3
5000 577 2
5000 577 3
5000 579 2
5000 581 1
-5000 581 2
5000 583 1
5000 584 2
5000 586 2
-5000 586 3
5000 586 4
-5000 586 5
5000 586 6
2500 586 7
5000 588 6
5000 588 7
5000 590 6
5000 592 5
5000 592 7
5000 592 8
5000 594 8
5000 594 9
5000 596 8
5000 596 9
5000 598 8
5000 601 6
5000 603 5
5000 603 6
5000 605 5
5000 607 4
-5000 607 5
5000 609 4
5000 609 5
5000 611 4
5000 613 3
5000 613 4
5000 615 3
5000 615 4
5000 617 3
5000 619 2
-5000 619 3
5000 621 2
5000 621 3
5000 623 2
5000 625 1
5000 625 2
5000 627 1
5000 627 2
5000 629 1
5000 631 0
-5000 631 1
5000 633 0
5000 633 1
5000 635 1
-5000 635 2
5000 635 3
-5000 635 4
5000 635 5
-5000 635 6
5000 635 7
2500 635 8
5000 637 7
5000 637 8
5000 639 7
5000 641 6
5000 641 8
5000 644 7
5000 646 6
5000 646 7
5000 648 6
5000 650 5
-5000 650 6
5000 652 5
5000 652 6
5000 654 5
5000 656 4
5000 656 5
5000 658 4
5000 658 5
5000 660 4
5000 662 3
-5000 662 4
5000 664 3
5000 664 4
5000 666 3
5000 668 2
5000 668 3
5000 670 2
5000 670 3
5000 672 2
5000 674 1
-5000 674 2
5000 676 1
5000 677 2
5000 679 2
-5000 679 3
5000 679 4
-5000 679 5
5000 679 6
-5000 679 7
-2500 679 8
5000 681 7
5000 681 8
5000 683 7
5000 683 8
5000 685 7
5000 687 6
-5000 687 7
5000 689 6
5000 689 7
5000 691 6
5000 693 5
5000 693 6
5000 695 5
5000 695 6
5000 697 5
5000 699 4
-5000 699 5
5000 701 4
5000 701 5
5000 703 4
5000 705 3
5000 705 4
5000 707 3
5000 707 4
5000 709 3
5000 711 2
5000 711 3
5000 713 2
-5000 713 3
5000 715 2
5000 717 1
5000 717 2
5000 719 1
5000 719 2
5000 721 1
5000 723 0
5000 723 1
5000 725 0
-5000 725 1
5000 727 1
-5000 727 2
5000 727 3
-5000 727 4
5000 727 5
-5000 727 6
5000 727 7
-5000 727 8
-5872 727 9
5000 729 8
5000 729 9
-5000 731 8
5000 731 9
5000 734 7
5000 734 8
5000 736 7
5000 736 8
5000 738 7
5000 738 8
5000 740 7
5000 742 6
5000 742 7
5000 744 6
5000 744 7
5000 746 6
5000 748 5
-5000 748 6
5000 750 5
5000 750 6
5000 752 5
5000 754 4
5000 754 5
5000 756 4
-1250 758 3
5000 758 5
5000 760 4
5000 762 3
5000 762 4
5000 764 3
5000 764 4
5000 766 3
5000 768 2
-5000 768 3
5000 770 2
2500 772 1
5000 772 3
5000 774 2
5000 776 1
5000 776 2
5000 778 1
5000 780 0
5000 780 2
2733 782 1
-5000 782 2
-5000 782 3
5000 782 4
6250 782 5
5000 782 6
-2500 782 7
5000 782 8
5000 782 9
5000 785 7
5000 785 8
5000 787 7
-5000 787 8
5000 789 7
-5000 791 6
5000 791 7
5000 793 6
5000 793 7
5000 795 6
5000 797 5
5000 797 6
5000 799 5
-5000 799 6
5000 801 5
-5000 803 4
5000 803 5
5000 805 4
5000 805 5
5000 807 4
5000 809 3
5000 809 4
5000 811 3
-5000 811 4
5000 813 3
-5000 815 2
5000 815 3
5000 817 2
5000 817 3
5000 819 2
-5000 821 1
5000 821 2
5000 823 1
5000 823 2
5000 825 1
5000 827 0
5000 827 1
5000 829 0
-5000 829 1
5000 831 0
5000 831 1
5000 831 2
5000 831 3
5000 831 4
5000 831 5
5000 831 6
5000 831 7
5000 831 8
5000 833 8
5000 833 9
5000 835 8
-5000 835 9
5000 837 8
-5000 839 7
5000 839 8
5000 841 7
5000 841 8
5000 844 7
5000 846 6
5000 846 7
5000 848 6
-5000 848 7
5000 850 6
-5000 852 5
5000 852 6
5000 854 5
5000 854 6
5000 856 5
5000 858 4
5000 858 5
5000 860 4
-5000 860 5
5000 862 4
-5000 864 3
5000 864 4
5000 866 3
5000 866 4
5000 868 3
-5000 870 2
5000 870 3
5000 872 2
5000 872 3
5000 874 2
5000 876 1
5000 876 2
5000 878 1
-5000 878 2
5000 880 1
5000 880 2
5000 880 3
5000 880 4
5000 880 5
5000 880 6
5000 880 7
5000 882 7
5000 882 8
5000 884 7
-5000 884 8
5000 886 7
5000 888 6
5000 888 7
5000 890 6
-5000 890 7
5000 892 6
5000 894 5
5000 894 6
5000 896 5
-5000 896 6
5000 898 5
-5000 900 4
5000 900 5
5000 902 4
5000 902 5
5000 904 4
-5000 906 3
5000 906 4
5000 908 3
5000 908 4
5000 910 3
5000 912 2
5000 912 3
5000 914 2
-5000 914 3
5000 916 2
5000 916 3
5000 916 4
5000 916 5
5000 916 6
5000 916 7
5000 916 8
5000 918 8
5000 918 9
5000 920 8
-5000 920 9
5000 922 8
-5000 924 7
5000 924 8
5000 926 7
5000 926 8
5000 929 7
5000 931 6
5000 931 7
5000 933 6
-5000 933 7
5000 935 6
-5000 937 5
5000 937 6
5000 939 5
5000 939 6
5000 941 5
-5000 943 4
5000 943 5
5000 945 4
5000 945 5
5000 947 4
5000 949 3
5000 949 4
5000 951 3
-5000 951 4
5000 953 3
5000 953 4
5000 953 5
5000 953 6
5000 953 7
5000 955 7
5000 955 8
5000 957 7
-5000 957 8
5000 959 7
5000 961 6
5000 961 7
5000 963 6
-5000 963 7
5000 965 6
-5000 967 5
5000 967 6
5000 969 5
5000 969 6
5000 971 5
5000 973 4
5000 973 5
5000 975 4
-5000 975 5
5000 977 4
5000 977 5
5000 977 6
5000 977 7
5000 977 8
5000 979 8
5000 979 9
5000 981 8
-5000 981 9
5000 983 8
-5000 985 7
5000 985 8
5000 987 7
5000 987 8
5000 990 7
-5000 992 6
5000 992 7
5000 994 6
5000 994 7
5000 996 6
5000 998 5
5000 998 6
5000 1000 5
-5000 1000 6
5000 1002 5
5000 1002 6
5000 1002 7
5000 1004 7
5000 1004 8
5000 1006 7
-5000 1006 8
5000 1008 7
5000 1010 6
5000 1010 7
5000 1012 6
-5000 1012 7
5000 1014 6
5000 1014 7
5000 1014 8
-5000 1016 8
5000 1016 9
5000 1018 8
5000 1018 9
5000 1020 8
5000 1022 7
5000 1022 8
5000 1024 7
5000 1024 8
5000 1027 7
100000 1 0
100000 1 1
100000 3 0
100000 3 1
100000 5 1
100000 5 2
100000 7 1
100000 7 2
100000 9 2
100000 9 3
100000 11 2
100000 11 3
100000 13 1
100000 13 2
100000 15 1
100000 15 2
100000 17 1
100000 17 2
100000 19 0
100000 19 1
100000 21 0
100000 21 1
100000 23 0
100000 23 1
100000 25 2
100000 25 3
100000 27 2
100000 27 3
100000 29 2
100000 29 3
100000 31 1
100000 31 2
100000 33 1
100000 33 2
100000 35 0
100000 35 1
100000 36 1
100000 36 2
100000 38 4
100000 38 5
100000 40 4
100000 40 5
100000 42 3
100000 42 4
100000 44 3
100000 44 4
100000 46 3
100000 46 4
100000 48 2
100000 48 3
100000 50 2
100000 50 3
100000 52 2
100000 52 3
100000 54 1
100000 54 2
100000 56 1
100000 56 2
100000 58 1
100000 58 2
100000 60 0
100000 60 1
100000 62 0
100000 62 1
100000 64 0
100000 64 1
100000 66 5
100000 66 6
100000 68 5
100000 68 6
100000 70 4
100000 70 5
100000 72 4
100000 72 5
100000 74 4
100000 74 5
100000 76 3
100000 76 4
100000 78 3
100000 78 4
100000 80 3
100000 80 4
100000 82 2
100000 82 3
100000 84 2
100000 84 3
100000 86 2
100000 86 3
100000 88 1
100000 88 2
100000 90 1
100000 90 2
100000 92 0
100000 92 1
100000 93 1
100000 93 2
100000 95 6
100000 95 7
100000 97 6
100000 97 7
100000 99 5
100000 99 6
100000 101 5
100000 101 6
100000 103 5
100000 103 6
100000 105 4
100000 105 5
100000 107 4
100000 107 5
100000 109 4
100000 109 5
100000 111 3
100000 111 4
100000 113 3
100000 113 4
100000 115 3
100000 115 4
100000 117 2
100000 117 3
100000 119 2
100000 119 3
100000 121 2
100000 121 3
100000 123 1
100000 123 2
100000 125 1
100000 125 2
100000 127 1
100000 127 2
100000 129 0
100000 129 1
100000 131 0
100000 131 1
100000 133 0
100000 133 1
100000 135 7
100000 135 8
100000 137 7
100000 137 8
100000 139 6
100000 139 7
100000 141 6
100000 141 7
100000 143 6
100000 143 7
100000 145 5
100000 145 6
100000 147 5
100000 147 6
100000 149 5
100000 149 6
100000 151 4
100000 151 5
100000 153 4
100000 153 5
100000 155 4
100000 155 5
100000 157 3
100000 157 4
100000 159 3
100000 159 4
100000 161 3
100000 161 4
100000 163 2
100000 163 3
100000 165 2
100000 165 3
100000 167 2
100000 167 3
100000 169 1
100000 169 2
100000 171 1
100000 171 2
100000 173 0
100000 173 1
100000 174 1
100000 174 2
100000 176 8
100000 176 9
100000 178 8
100000 178 9
100000 180 7
100000 180 8
100000 182 7
100000 182 8
100000 184 7
100000 184 8
100000 186 6
100000 186 7
100000 188 6
100000 188 7
100000 190 6
100000 190 7
100000 192 5
100000 192 6
100000 194 5
100000 194 6
100000 196 5
100000 196 6
100000 198 4
100000 198 5
100000 200 4
100000 200 5
100000 202 4
100000 202 5
100000 204 3
100000 204 4
100000 206 3
100000 206 4
100000 208 3
100000 208 4
100000 210 2
100000 210 3
100000 212 2
100000 212 3
100000 214 2
100000 214 3
100000 216 1
100000 216 2
100000 218 1
100000 218 2
100000 220 1
100000 220 2
100000 222 0
100000 222 1
100000 224 0
100000 224 1
100000 226 0
100000 226 1
100000 228 8
100000 228 9
100000 230 8
100000 230 9
100000 232 8
100000 232 9
100000 233 7
100000 233 8
100000 235 7
100000 235 8
100000 237 7
100000 237 8
100000 239 7
100000 239 8
100000 241 6
100000 241 7
100000 243 6
100000 243 7
100000 245 6
100000 245 7
100000 247 5
100000 247 6
100000 249 5
100000 249 6
100000 251 5
100000 251 6
100000 253 4
100000 253 5
100000 255 4
100000 255 5
100000 257 3
100000 257 4
100000 259 4
100000 259 5
100000 261 3
100000 261 4
100000 263 3
100000 263 4
100000 265 3
100000 265 4
100000 267 2
100000 267 3
100000 269 2
100000 269 3
100000 271 2
100000 271 3
100000 273 1
100000 273 2
100000 275 1
100000 275 2
100000 277 0
100000 277 1
100000 278 1
100000 278 2
100000 280 8
100000 280 9
100000 281 7
100000 281 8
100000 283 7
100000 283 8
100000 285 7
100000 285 8
100000 287 6
100000 287 7
100000 289 6
100000 289 7
100000 291 6
100000 291 7
100000 293 5
100000 293 6
100000 295 5
100000 295 6
100000 297 5
100000 297 6
100000 299 4
100000 299 5
100000 301 4
100000 301 5
100000 303 4
100000 303 5
100000 305 3
100000 305 4
100000 307 3
100000 307 4
100000 309 3
100000 309 4
100000 311 2
100000 311 3
100000 313 2
100000 313 3
100000 315 2
100000 315 3
100000 317 1
100000 317 2
100000 319 1
100000 319 2
100000 321 1
100000 321 2
100000 323 0
100000 323 1
100000 325 0
100000 325 1
100000 327 0
100000 327 1
100000 329 8
100000 329 9
100000 331 8
100000 331 9
100000 333 8
100000 333 9
100000 335 7
100000 335 8
100000 337 7
100000 337 8
100000 339 8
100000 339 9
100000 340 7
100000 340 8
100000 342 6
100000 342 7
100000 344 6
100000 344 7
100000 346 6
100000 346 7
100000 348 5
100000 348 6
100000 350 5
100000 350 6
100000 352 5
100000 352 6
100000 354 4
100000 354 5
100000 356 4
100000 356 5
100000 358 4
100000 358 5
100000 360 3
100000 360 4
100000 362 3
100000 362 4
100000 364 3
100000 364 4
100000 366 2
100000 366 3
100000 368 2
100000 368 3
100000 370 2
100000 370 3
100000 372 1
100000 372 2
100000 373 0
100000 373 1
100000 375 1
100000 375 2
100000 377 1
100000 377 2
100000 379 1
100000 379 2
100000 381 0
100000 381 1
100000 382 7
100000 382 8
100000 384 7
100000 384 8
100000 386 7
100000 386 8
100000 388 6
100000 388 7
100000 390 6
100000 390 7
100000 392 6
100000 392 7
100000 394 5
100000 394 6
100000 396 5
100000 396 6
100000 398 5
100000 398 6
100000 400 4
100000 400 5
100000 402 4
100000 402 5
100000 404 4
100000 404 5
100000 406 3
100000 406 4
100000 408 3
100000 408 4
100000 410 3
100000 410 4
100000 412 2
100000 412 3
100000 414 2
100000 414 3
100000 416 1
100000 416 2
100000 418 8
100000 418 9
100000 420 8
100000 420 9
100000 422 8
100000 422 9
100000 424 7
100000 424 8
100000 426 7
100000 426 8
100000 428 8
100000 428 9
100000 429 7
100000 429 8
100000 431 6
100000 431 7
100000 433 6
100000 433 7
100000 435 6
100000 435 7
100000 437 5
100000 437 6
100000 439 5
100000 439 6
100000 441 5
100000 441 6
100000 443 4
100000 443 5
100000 445 4
100000 445 5
100000 447 4
100000 447 5
100000 449 3
100000 449 4
100000 450 2
100000 450 3
100000 452 1
100000 452 2
100000 454 1
100000 454 2
100000 456 0
100000 456 1
100000 458 0
100000 458 1
100000 460 0
100000 460 1
100000 462 3
100000 462 4
100000 464 3
100000 464 4
100000 466 2
100000 466 3
100000 468 3
100000 468 4
100000 470 2
100000 470 3
100000 472 2
100000 472 3
100000 474 1
100000 474 2
100000 476 1
100000 476 2
100000 478 0
100000 478 1
100000 479 1
100000 479 2
100000 481 7
100000 481 8
100000 483 7
100000 483 8
100000 485 7
100000 485 8
100000 487 6
100000 487 7
100000 489 6
100000 489 7
100000 491 6
100000 491 7
100000 493 5
100000 493 6
100000 495 5
100000 495 6
100000 497 5
100000 497 6
100000 499 4
100000 499 5
100000 501 4
100000 501 5
100000 503 3
100000 503 4
100000 505 8
100000 505 9
100000 507 8
100000 507 9
100000 509 8
100000 509 9
100000 511 7
100000 511 8
100000 513 7
100000 513 8
100000 515 8
100000 515 9
100000 516 7
100000 516 8
100000 518 6
100000 518 7
100000 520 6
100000 520 7
100000 522 6
100000 522 7
100000 524 5
100000 524 6
100000 525 4
100000 525 5
100000 527 3
100000 527 4
100000 529 3
100000 529 4
100000 531 2
100000 531 3
100000 533 2
100000 533 3
100000 535 2
100000 535 3
100000 537 1
100000 537 2
100000 539 1
100000 539 2
100000 541 1
100000 541 2
100000 543 0
100000 543 1
100000 545 0
100000 545 1
100000 547 0
100000 547 1
100000 549 5
100000 549 6
100000 551 5
100000 551 6
100000 553 4
100000 553 5
100000 555 7
100000 555 8
100000 557 7
100000 557 8
100000 559 7
100000 559 8
100000 561 6
100000 561 7
100000 562 5
100000 562 6
100000 564 4
100000 564 5
100000 566 4
100000 566 5
100000 568 3
100000 568 4
100000 570 3
100000 570 4
100000 572 3
100000 572 4
100000 574 2
100000 574 3
100000 576 2
100000 576 3
100000 578 2
100000 578 3
100000 580 1
100000 580 2
100000 582 1
100000 582 2
100000 584 0
100000 584 1
100000 585 1
100000 585 2
100000 587 6
100000 587 7
100000 589 6
100000 589 7
100000 591 5
100000 591 6
100000 593 8
100000 593 9
100000 595 8
100000 595 9
100000 597 8
100000 597 9
100000 599 7
100000 599 8
100000 600 6
100000 600 7
100000 602 5
100000 602 6
100000 604 5
100000 604 6
100000 606 4
100000 606 5
100000 608 4
100000 608 5
100000 610 4
100000 610 5
100000 612 3
100000 612 4
100000 614 3
100000 614 4
100000 616 3
100000 616 4
100000 618 2
100000 618 3
100000 620 2
100000 620 3
100000 622 2
100000 622 3
100000 624 1
100000 624 2
100000 626 1
100000 626 2
100000 628 1
100000 628 2
100000 630 0
100000 630 1
100000 632 0
100000 632 1
100000 634 0
100000 634 1
100000 636 7
100000 636 8
100000 638 7
100000 638 8
100000 640 6
100000 640 7
100000 642 8
100000 642 9
100000 643 7
100000 643 8
100000 645 6
100000 645 7
100000 647 6
100000 647 7
100000 649 5
100000 649 6
100000 651 5
100000 651 6
100000 653 5
100000 653 6
100000 655 4
100000 655 5
100000 657 4
100000 657 5
100000 659 4
100000 659 5
100000 661 3
100000 661 4
100000 663 3
100000 663 4
100000 665 3
100000 665 4
100000 667 2
100000 667 3
100000 669 2
100000 669 3
100000 671 2
100000 671 3
100000 673 1
100000 673 2
100000 675 1
100000 675 2
100000 677 0
100000 677 1
100000 678 1
100000 678 2
100000 680 7
100000 680 8
100000 682 7
100000 682 8
100000 684 7
100000 684 8
100000 686 6
100000 686 7
100000 688 6
100000 688 7
100000 690 6
100000 690 7
100000 692 5
100000 692 6
100000 694 5
100000 694 6
100000 696 5
100000 696 6
100000 698 4
100000 698 5
100000 700 4
100000 700 5
100000 702 4
100000 702 5
100000 704 3
100000 704 4
100000 706 3
100000 706 4
100000 708 3
100000 708 4
100000 710 2
100000 710 3
100000 712 2
100000 712 3
100000 714 2
100000 714 3
100000 716 1
100000 716 2
100000 718 1
100000 718 2
100000 720 1
100000 720 2
100000 722 0
100000 722 1
100000 724 0
100000 724 1
100000 726 0
100000 726 1
100000 728 8
100000 728 9
100000 730 8
100000 730 9
100000 732 8
100000 732 9
100000 733 7
100000 733 8
100000 735 7
100000 735 8
100000 737 7
100000 737 8
100000 739 7
100000 739 8
100000 741 6
100000 741 7
100000 743 6
100000 743 7
100000 745 6
100000 745 7
100000 747 5
100000 747 6
100000 749 5
100000 749 6
100000 751 5
100000 751 6
100000 753 4
100000 753 5
100000 755 4
100000 755 5
100000 757 3
100000 757 4
100000 759 4
100000 759 5
100000 761 3
100000 761 4
100000 763 3
100000 763 4
100000 765 3
100000 765 4
100000 767 2
100000 767 3
100000 769 2
100000 769 3
100000 771 1
100000 771 2
100000 773 2
100000 773 3
100000 775 1
100000 775 2
100000 777 1
100000 777 2
100000 779 0
100000 779 1
100000 781 1
100000 781 2
100000 783 8
100000 783 9
100000 784 7
100000 784 8
100000 786 7
100000 786 8
100000 788 7
100000 788 8
100000 790 6
100000 790 7
100000 792 6
100000 792 7
100000 794 6
100000 794 7
100000 796 5
100000 796 6
100000 798 5
100000 798 6
100000 800 5
100000 800 6
100000 802 4
100000 802 5
100000 804 4
100000 804 5
100000 806 4
100000 806 5
100000 808 3
100000 808 4
100000 810 3
100000 810 4
100000 812 3
100000 812 4
100000 814 2
100000 814 3
100000 816 2
100000 816 3
100000 818 2
100000 818 3
100000 820 1
100000 820 2
100000 822 1
100000 822 2
100000 824 1
100000 824 2
100000 826 0
100000 826 1
100000 828 0
100000 828 1
100000 830 0
100000 830 1
100000 832 8
100000 832 9
100000 834 8
100000 834 9
100000 836 8
100000 836 9
100000 838 7
100000 838 8
100000 840 7
100000 840 8
100000 842 8
100000 842 9
100000 843 7
100000 843 8
100000 845 6
100000 845 7
100000 847 6
100000 847 7
100000 849 6
100000 849 7
100000 851 5
100000 851 6
100000 853 5
100000 853 6
100000 855 5
100000 855 6
100000 857 4
100000 857 5
100000 859 4
100000 859 5
100000 861 4
100000 861 5
100000 863 3
100000 863 4
100000 865 3
100000 865 4
100000 867 3
100000 867 4
100000 869 2
100000 869 3
100000 871 2
100000 871 3
100000 873 2
100000 873 3
100000 875 1
100000 875 2
100000 877 1
100000 877 2
100000 879 1
100000 879 2
100000 881 7
100000 881 8
100000 883 7
100000 883 8
100000 885 7
100000 885 8
100000 887 6
100000 887 7
100000 889 6
100000 889 7
100000 891 6
100000 891 7
100000 893 5
100000 893 6
100000 895 5
100000 895 6
100000 897 5
100000 897 6
100000 899 4
100000 899 5
100000 901 4
100000 901 5
100000 903 4
100000 903 5
100000 905 3
100000 905 4
100000 907 3
100000 907 4
100000 909 3
100000 909 4
100000 911 2
100000 911 3
100000 913 2
100000 913 3
100000 915 2
100000 915 3
100000 917 8
100000 917 9
100000 919 8
100000 919 9
100000 921 8
100000 921 9
100000 923 7
100000 923 8
100000 925 7
100000 925 8
100000 927 8
100000 927 9
100000 928 7
100000 928 8
100000 930 6
100000 930 7
100000 932 6
100000 932 7
100000 934 6
100000 934 7
100000 936 5
100000 936 6
100000 938 5
100000 938 6
100000 940 5
100000 940 6
100000 942 4
100000 942 5
100000 944 4
100000 944 5
100000 946 4
100000 946 5
100000 948 3
100000 948 4
100000 950 3
100000 950 4
100000 952 3
100000 952 4
100000 954 7
100000 954 8
100000 956 7
100000 956 8
100000 958 7
100000 958 8
100000 960 6
100000 960 7
100000 962 6
100000 962 7
100000 964 6
100000 964 7
100000 966 5
100000 966 6
100000 968 5
100000 968 6
100000 970 5
100000 970 6
100000 972 4
100000 972 5
100000 974 4
100000 974 5
100000 976 4
100000 976 5
100000 978 8
100000 978 9
100000 980 8
100000 980 9
100000 982 8
100000 982 9
100000 984 7
100000 984 8
100000 986 7
100000 986 8
100000 988 8
100000 988 9
100000 989 7
100000 989 8
100000 991 6
100000 991 7
100000 993 6
100000 993 7
100000 995 6
100000 995 7
100000 997 5
100000 997 6
100000 999 5
100000 999 6
100000 1001 5
100000 1001 6
100000 1003 7
100000 1003 8
100000 1005 7
100000 1005 8
100000 1007 7
100000 1007 8
100000 1009 6
100000 1009 7
100000 1011 6
100000 1011 7
100000 1013 6
100000 1013 7
100000 1015 8
100000 1015 9
100000 1017 8
100000 1017 9
100000 1019 8
100000 1019 9
100000 1021 7
100000 1021 8
100000 1023 7
100000 1023 8
100000 1025 8
100000 1025 9
100000 1026 7
100000 1026 8
