2349 2584
5000 0 0
5000 2 1
5000 4 1
-2500 4 2
-1249 6 2
-1250 8 1
5000 9 2
5000 9 3
-2500 11 2
5000 13 1
-5000 13 2
5000 15 1
5000 16 2
5000 18 1
5000 20 0
5000 20 1
5000 22 0
5000 22 1
5000 24 1
5000 24 2
-1249 24 4
5000 26 4
5000 28 3
5000 30 2
-5000 30 3
5000 32 2
5000 32 3
5000 34 2
5000 36 1
5000 36 2
5000 38 1
5000 39 2
5000 41 2
-5000 41 3
5000 41 4
-2500 41 5
1249 43 5
-6150 45 4
5000 47 3
5000 47 4
5000 49 3
5000 49 4
5000 51 3
5000 53 2
-5000 53 3
5000 55 2
5000 55 3
5000 57 2
5000 59 1
-5000 59 2
5000 61 1
5000 62 2
5000 64 1
5000 66 0
5000 66 1
5000 68 0
5000 68 1
5000 70 1
5000 70 2
5000 70 3
-5000 70 4
5000 70 5
2500 72 6
5000 74 5
5000 76 4
5000 76 5
5000 78 4
5000 78 5
5000 80 4
5000 82 3
-5000 82 4
5000 84 3
5000 84 4
5000 86 3
5000 88 2
-5000 88 3
-5000 90 2
5000 90 3
5000 93 2
5000 95 1
5000 95 2
5000 97 1
5000 97 2
5000 99 2
5000 99 3
5000 99 4
-5000 99 5
5000 99 6
5000 99 7
-2500 101 7
5000 103 6
5000 105 5
5000 105 6
5000 107 5
5000 107 6
5000 109 5
5000 111 4
-5000 111 5
5000 113 4
5000 113 5
5000 115 4
5000 117 3
-5000 117 4
-5000 119 3
5000 119 4
5000 122 3
5000 124 2
5000 124 3
5000 126 2
5000 126 3
5000 128 2
5000 131 1
5000 131 2
5000 133 1
5000 134 2
5000 136 2
5000 138 1
5000 140 0
5000 140 1
5000 142 0
5000 142 1
-5000 144 1
5000 144 3
5000 144 4
5000 144 5
-5000 144 6
5000 144 7
-5000 144 8
2500 146 8
6666 148 7
5000 150 6
5000 150 7
5000 152 6
5000 152 7
5000 154 6
5000 156 5
-5000 156 6
5000 158 5
5000 158 6
5000 160 5
5000 162 4
-5000 162 5
-5000 164 4
5000 164 5
5000 167 4
5000 169 3
5000 169 4
5000 171 3
5000 171 4
5000 173 3
5000 175 2
5000 175 3
5000 177 2
5000 177 3
5000 179 3
5000 179 4
5000 179 5
5000 179 6
-5000 179 7
5000 181 7
5000 181 8
5000 183 7
5000 183 8
5000 185 7
5000 187 6
-5000 187 7
5000 189 6
5000 189 7
5000 191 6
5000 193 5
-5000 193 6
-5000 195 5
5000 195 6
5000 198 5
5000 200 4
5000 200 5
5000 202 4
5000 202 5
5000 204 4
5000 207 2
5000 209 1
5000 209 2
5000 211 1
5000 212 2
5000 214 2
5000 214 3
5000 214 4
5000 216 3
5000 216 4
5000 218 3
5000 220 2
-5000 220 3
5000 222 2
5000 222 3
5000 224 2
5000 226 1
5000 226 2
5000 228 1
5000 229 2
5000 231 1
5000 233 0
5000 233 1
5000 235 0
5000 235 1
5000 237 1
-5000 237 2
5000 237 3
-5000 237 4
5000 237 5
5000 237 6
5000 237 7
-5000 237 8
-5000 237 9
-2500 237 10
5000 239 10
2500 241 9
2733 241 10
5000 243 8
5000 243 9
5000 245 8
5000 245 9
5000 247 8
5000 249 7
-5000 249 8
5000 251 7
5000 251 8
5000 253 7
5000 255 6
-5000 255 7
-5000 257 6
5000 257 7
5000 260 6
5000 262 5
5000 262 6
5000 264 5
5000 264 6
5000 266 5
5000 268 4
5000 268 5
5000 270 4
5000 270 5
5000 272 4
5000 274 3
-5000 274 4
5000 276 3
5000 276 4
5000 278 3
5000 280 2
5000 280 3
-5000 282 2
5000 282 3
5000 285 2
5000 287 1
5000 287 2
5000 289 1
5000 289 2
5000 291 2
-5000 291 3
5000 291 4
-5000 291 5
5000 291 6
5000 291 7
5000 291 8
-5000 291 9
5000 293 9
5000 293 10
5000 295 9
5000 295 10
5000 297 9
-5000 297 10
5000 299 8
-5000 299 9
5000 301 8
5000 301 9
5000 303 8
5000 305 7
-5000 305 8
-5000 307 7
5000 307 8
5000 310 7
5000 312 6
5000 312 7
5000 314 6
5000 314 7
5000 316 6
5000 318 5
5000 318 6
5000 320 5
5000 320 6
5000 322 5
5000 324 4
-5000 324 5
5000 326 4
5000 326 5
5000 328 4
5000 330 3
5000 330 4
-5000 332 3
5000 332 4
5000 335 3
5000 337 2
5000 337 3
5000 339 2
5000 339 3
5000 341 2
5000 344 1
5000 344 2
5000 346 1
5000 347 2
5000 349 2
5000 351 1
5000 353 0
5000 353 1
5000 355 0
5000 355 1
-5000 357 1
5000 357 3
-5000 357 4
5000 357 5
-5000 357 6
5000 357 7
5000 357 8
5000 357 9
5000 357 11
5000 357 12
5000 359 11
5000 361 10
5000 361 11
5000 363 10
5000 363 11
5000 365 10
-5000 365 11
-3849 365 12
5000 367 11
5000 367 12
5000 369 11
5000 369 12
5000 371 11
-5000 371 12
5000 372 9
-5000 372 10
5000 374 9
5000 374 10
5000 376 10
5000 378 10
-5000 378 11
5000 380 10
5000 380 11
5000 382 9
5000 382 10
5000 382 11
5000 384 8
-5000 384 9
-5000 386 8
5000 386 9
5000 389 8
5000 391 7
5000 391 8
5000 393 7
5000 393 8
5000 395 7
5000 397 6
5000 397 7
5000 399 6
5000 399 7
5000 401 6
5000 403 5
-5000 403 6
5000 405 5
5000 405 6
5000 407 5
5000 409 4
5000 409 5
-5000 411 4
5000 411 5
5000 414 4
5000 416 3
5000 416 4
5000 418 3
5000 418 4
5000 420 3
5000 422 2
5000 422 3
5000 424 2
5000 424 3
5000 426 3
5000 426 4
-5000 426 5
5000 426 6
-5000 426 7
5000 426 8
5000 426 9
5000 428 9
-5000 428 10
-5000 430 9
5000 430 10
5000 432 10
5000 433 9
5000 435 8
5000 435 9
5000 437 8
5000 437 9
5000 439 8
5000 441 7
5000 441 8
5000 443 7
5000 443 8
5000 445 7
5000 447 6
-5000 447 7
5000 449 6
5000 449 7
5000 451 6
5000 453 5
5000 453 6
-5000 455 5
5000 455 6
5000 458 5
5000 460 4
5000 460 5
5000 462 4
5000 462 5
5000 464 4
5000 467 2
5000 469 1
5000 469 2
5000 471 1
5000 472 2
5000 474 2
5000 474 3
5000 474 4
5000 476 3
5000 476 4
5000 478 3
5000 480 2
-5000 480 3
5000 482 2
5000 482 3
5000 484 2
5000 486 1
5000 486 2
5000 488 1
5000 489 2
5000 491 1
5000 493 0
5000 493 1
5000 495 0
5000 495 1
5000 497 1
-5000 497 2
5000 497 3
-5000 497 4
5000 497 5
-5000 497 6
5000 497 7
-5000 497 8
5000 497 9
5000 497 13
-2500 497 14
5000 499 14
5872 501 13
5000 503 12
5000 503 13
5000 505 12
5000 505 13
5000 507 12
5000 509 11
-5000 509 12
5000 511 11
5000 511 12
5000 513 11
5000 515 10
-5000 515 11
-5000 517 10
5000 517 11
5000 520 10
5000 522 10
5000 522 11
5000 522 12
-5000 522 13
6666 522 14
5000 524 13
-5000 524 14
5000 526 13
5000 526 14
-2500 529 12
5000 529 13
5000 531 12
5000 531 13
5000 533 12
5000 533 13
5000 535 12
5000 537 11
5000 537 12
5000 539 11
-5000 539 12
5000 539 13
5000 539 14
5000 540 9
5000 542 9
5000 542 10
5000 544 10
5000 546 10
5000 547 11
5000 549 10
5000 549 11
5000 551 10
5000 551 11
5000 553 10
-5000 553 11
-5000 553 12
-5000 555 12
5000 555 13
5000 557 12
-5000 557 13
5000 559 12
-5000 561 11
5000 561 12
5000 563 11
-5000 563 12
5000 565 11
5000 565 12
5000 565 13
5000 567 13
5000 567 14
5000 569 13
5000 569 14
5000 571 13
5000 573 12
5000 573 13
5000 575 12
5000 575 13
5000 578 9
5000 578 12
5000 580 8
5000 580 9
5000 582 8
5000 582 9
5000 584 8
5000 586 7
5000 586 8
5000 588 7
-5000 588 8
5000 590 7
5000 592 6
5000 592 7
-5000 594 6
5000 594 7
5000 597 6
5000 599 5
5000 599 6
5000 601 5
-5000 601 6
5000 603 5
5000 605 4
5000 605 5
5000 607 4
5000 607 5
5000 609 4
5000 611 3
5000 611 4
5000 613 3
-5000 613 4
5000 615 3
5000 617 2
5000 617 3
-5000 619 2
5000 619 3
5000 622 2
5000 624 1
5000 624 2
5000 626 1
-5000 626 2
5000 628 2
-5000 628 3
-5000 628 4
-5000 628 5
-5000 628 6
-5000 628 7
5000 628 8
-5000 628 9
5000 630 9
5000 630 10
-5000 632 9
5000 632 10
-5000 635 10
5000 635 11
5000 637 10
-5000 637 11
5000 639 10
5000 639 11
5000 641 11
5000 641 12
5000 643 11
-5000 643 12
5000 645 11
5000 645 12
-5000 647 12
5000 647 13
5000 649 12
-5000 649 13
5000 651 12
5000 651 13
5000 653 13
5000 653 14
5000 655 13
-5000 655 14
5000 657 13
2499 658 8
5000 658 9
5000 660 8
5000 660 9
5000 662 8
5000 662 9
5000 664 8
5000 666 7
5000 666 8
5000 668 7
-2500 670 6
5000 670 8
5000 672 7
5000 674 6
5000 674 7
5000 676 6
5000 676 7
5000 678 6
5000 680 5
-5000 680 6
5000 682 5
5000 682 6
5000 684 5
5000 686 4
5000 686 5
5000 688 4
5000 688 5
5000 690 4
5000 692 3
5000 692 4
-5000 694 3
5000 694 4
-2500 697 2
5000 697 3
5000 699 2
5000 699 3
5000 701 2
5000 701 3
5000 703 2
5000 705 1
5000 705 2
5000 707 1
2500 709 0
5000 709 2
5000 711 1
5000 713 0
5000 713 1
5000 715 0
5000 715 1
5000 717 1
-7500 717 2
5000 717 3
-5000 717 4
-5000 717 5
5000 717 6
5000 717 7
7500 717 8
5000 717 9
5000 719 9
5000 719 10
5000 721 9
5000 721 10
5000 723 10
-5000 725 10
5000 725 11
5000 727 10
5000 727 11
5000 729 10
5000 729 11
-5000 731 11
5000 731 12
5000 733 11
-5000 733 12
5000 735 11
5000 735 12
-5000 737 12
5000 737 13
5000 739 12
5000 739 13
5000 742 9
5000 742 12
-5000 744 8
5000 744 9
5000 746 8
-5000 746 9
5000 748 8
5000 750 7
5000 750 8
5000 752 7
5000 752 8
5000 754 7
-5000 756 6
5000 756 7
5000 758 6
-5000 758 7
5000 760 6
5000 762 5
5000 762 6
5000 764 5
5000 764 6
5000 766 5
-5000 768 4
5000 768 5
5000 770 4
-5000 770 5
5000 772 4
5000 774 3
5000 774 4
5000 776 3
5000 776 4
5000 778 3
5000 780 2
5000 780 3
5000 782 2
5000 782 3
5000 784 2
-5000 786 1
5000 786 2
5000 788 1
-5000 788 2
5000 790 1
5000 792 0
5000 792 1
5000 794 0
5000 794 1
5000 796 0
5000 796 1
5000 796 2
5000 796 3
5000 796 4
5000 796 5
5000 796 6
5000 796 7
5000 796 8
5000 796 9
5000 798 9
5000 798 10
5000 800 9
-5000 800 10
5000 802 10
-5000 804 10
5000 804 11
5000 806 10
-5000 806 11
5000 808 10
5000 808 11
5000 810 11
5000 810 12
5000 812 11
-5000 812 12
5000 814 11
5000 814 12
5000 816 12
5000 816 13
5000 818 12
-5000 818 13
5000 820 12
5000 820 13
5000 822 13
5000 822 14
5000 824 13
-5000 824 14
5000 826 9
5000 826 13
-5000 828 8
5000 828 9
5000 830 8
5000 830 9
5000 832 8
5000 834 7
5000 834 8
5000 836 7
-5000 836 8
5000 838 7
-5000 840 6
5000 840 7
5000 842 6
5000 842 7
5000 844 6
5000 846 5
5000 846 6
5000 848 5
-5000 848 6
5000 850 5
-5000 852 4
5000 852 5
5000 854 4
5000 854 5
5000 856 4
5000 858 3
5000 858 4
5000 860 3
-5000 860 4
5000 862 3
-5000 864 2
5000 864 3
5000 866 2
5000 866 3
5000 868 2
5000 871 0
5000 871 1
7500 871 2
5000 873 1
5000 873 2
5000 875 1
5000 875 2
5000 875 3
5000 875 4
5000 875 5
5000 875 6
5000 875 7
5000 875 8
5000 875 9
5000 877 9
5000 877 10
5000 879 9
5000 879 10
5000 881 10
-5000 883 10
5000 883 11
5000 885 10
5000 885 11
5000 887 10
5000 887 11
5000 889 11
5000 889 12
5000 891 11
-5000 891 12
5000 893 11
5000 893 12
-5000 895 12
5000 895 13
5000 897 12
5000 897 13
5000 900 9
5000 900 12
-5000 902 8
5000 902 9
5000 904 8
-5000 904 9
5000 906 8
5000 908 7
5000 908 8
5000 910 7
5000 910 8
5000 912 7
-5000 914 6
5000 914 7
5000 916 6
-5000 916 7
5000 918 6
5000 920 5
5000 920 6
5000 922 5
5000 922 6
5000 924 5
-5000 926 4
5000 926 5
5000 928 4
-5000 928 5
5000 930 4
5000 932 3
5000 932 4
5000 934 3
5000 934 4
5000 936 3
5000 939 1
5000 940 2
8750 940 3
5000 942 2
5000 942 3
5000 944 2
5000 946 1
5000 946 3
5000 946 4
5000 946 5
5000 946 6
5000 946 7
5000 946 8
5000 946 9
5000 948 9
5000 948 10
5000 950 9
-5000 950 10
5000 952 10
5000 954 10
5000 954 11
5000 956 10
-5000 956 11
5000 958 10
5000 958 11
5000 960 11
5000 960 12
5000 962 11
-5000 962 12
5000 964 11
5000 964 12
5000 966 12
5000 966 13
5000 968 12
-5000 968 13
5000 970 12
5000 970 13
5000 972 13
5000 972 14
5000 974 13
-5000 974 14
5000 976 9
5000 976 13
-5000 978 8
5000 978 9
5000 980 8
5000 980 9
5000 982 8
5000 984 7
5000 984 8
5000 986 7
-5000 986 8
5000 988 7
-5000 990 6
5000 990 7
5000 992 6
5000 992 7
5000 994 6
5000 996 5
5000 996 6
5000 998 5
-5000 998 6
5000 1000 5
-5000 1002 4
5000 1002 5
5000 1004 4
5000 1004 5
5000 1006 4
5000 1009 2
5000 1011 1
5000 1012 2
5000 1014 1
5000 1016 0
5000 1016 1
5000 1018 0
5000 1018 1
5000 1020 1
5000 1020 2
5000 1020 3
5000 1020 4
5000 1022 3
5000 1022 4
5000 1024 3
5000 1026 2
5000 1026 4
5000 1026 5
5000 1026 6
5000 1026 7
5000 1026 8
5000 1026 9
-5000 1028 9
5000 1028 10
5000 1030 9
5000 1030 10
5000 1032 10
-5000 1034 10
5000 1034 11
5000 1036 10
5000 1036 11
5000 1038 10
5000 1038 11
5000 1040 11
5000 1040 12
5000 1042 11
-5000 1042 12
5000 1044 11
5000 1044 12
-5000 1046 12
5000 1046 13
5000 1048 12
5000 1048 13
5000 1051 9
5000 1051 12
5000 1053 8
5000 1053 9
5000 1055 8
-5000 1055 9
5000 1057 8
-5000 1059 7
5000 1059 8
5000 1061 7
5000 1061 8
5000 1063 7
5000 1065 6
5000 1065 7
5000 1067 6
-5000 1067 7
5000 1069 6
-5000 1071 5
5000 1071 6
5000 1073 5
5000 1073 6
5000 1075 5
5000 1078 3
-5000 1080 2
-5000 1080 3
5000 1083 2
5000 1085 1
5000 1085 2
5000 1087 1
5000 1087 2
5000 1089 2
-5000 1089 3
5000 1089 4
2500 1089 5
5000 1091 4
5000 1091 5
5000 1093 4
5000 1095 3
5000 1095 5
5000 1095 6
5000 1095 7
5000 1095 8
5000 1095 9
5000 1097 9
5000 1097 10
5000 1099 9
-5000 1099 10
5000 1101 10
5000 1103 10
5000 1103 11
5000 1105 10
-5000 1105 11
5000 1107 10
5000 1107 11
5000 1109 11
5000 1109 12
5000 1111 11
-5000 1111 12
5000 1113 11
5000 1113 12
5000 1115 12
5000 1115 13
5000 1117 12
-5000 1117 13
5000 1119 12
5000 1119 13
5000 1121 13
5000 1121 14
5000 1123 13
5000 1123 14
5000 1125 9
5000 1125 13
-5000 1127 8
5000 1127 9
5000 1129 8
5000 1129 9
5000 1131 8
5000 1133 7
5000 1133 8
5000 1135 7
-5000 1135 8
5000 1137 7
-5000 1139 6
5000 1139 7
5000 1141 6
5000 1141 7
5000 1143 6
5000 1146 4
-5000 1148 3
5000 1148 4
5000 1151 3
5000 1153 2
5000 1153 3
5000 1155 2
5000 1155 3
5000 1157 2
5000 1160 1
5000 1160 2
5000 1162 1
5000 1163 2
5000 1165 2
5000 1167 1
5000 1169 0
5000 1169 1
5000 1171 0
5000 1171 1
-5000 1173 1
5000 1173 3
-5000 1173 4
5000 1173 5
-2500 1173 6
5000 1175 5
5000 1175 6
5000 1177 5
5000 1179 4
5000 1179 6
5000 1181 5
-5000 1183 4
5000 1183 5
5000 1186 4
5000 1188 3
5000 1188 4
5000 1190 3
5000 1190 4
5000 1192 3
5000 1194 2
5000 1194 3
5000 1196 2
5000 1196 3
5000 1198 3
5000 1198 4
-5000 1198 5
5000 1198 6
5000 1198 7
5000 1198 8
5000 1198 9
-5000 1200 9
5000 1200 10
5000 1202 9
5000 1202 10
5000 1204 10
-5000 1206 10
5000 1206 11
5000 1208 10
5000 1208 11
5000 1210 10
5000 1210 11
5000 1212 11
5000 1212 12
5000 1214 11
-5000 1214 12
5000 1216 11
5000 1216 12
-5000 1218 12
5000 1218 13
5000 1220 12
5000 1220 13
5000 1223 9
5000 1223 12
5000 1225 8
5000 1225 9
5000 1227 8
-5000 1227 9
5000 1229 8
-5000 1231 7
5000 1231 8
5000 1233 7
5000 1233 8
-5000 1235 7
5000 1237 6
5000 1237 7
5000 1239 6
5000 1241 5
5000 1241 7
5000 1241 8
5000 1241 9
5000 1243 9
5000 1243 10
5000 1245 9
-5000 1245 10
5000 1247 10
5000 1249 10
5000 1249 11
5000 1251 10
-5000 1251 11
5000 1253 10
5000 1253 11
5000 1255 11
5000 1255 12
5000 1257 11
-5000 1257 12
5000 1259 11
5000 1259 12
5000 1261 12
5000 1261 13
5000 1263 12
-5000 1263 13
5000 1265 12
5000 1265 13
5000 1267 13
5000 1267 14
5000 1269 13
5000 1269 14
5000 1271 9
5000 1271 13
-5000 1273 8
5000 1273 9
5000 1275 8
5000 1275 9
5000 1277 8
5000 1280 6
-5000 1282 5
5000 1282 6
5000 1285 5
5000 1287 4
5000 1287 5
5000 1289 4
5000 1289 5
5000 1291 4
5000 1294 2
5000 1296 1
5000 1296 2
5000 1298 1
5000 1299 2
5000 1301 2
5000 1301 3
5000 1301 4
5000 1303 3
5000 1303 4
5000 1305 3
5000 1307 2
-5000 1307 3
5000 1309 2
5000 1309 3
5000 1311 2
5000 1313 1
5000 1313 2
5000 1315 1
5000 1316 2
5000 1318 1
5000 1320 0
5000 1320 1
5000 1322 0
5000 1322 1
5000 1324 1
-5000 1324 2
5000 1324 3
-5000 1324 4
5000 1324 5
-5000 1324 6
5000 1324 7
5000 1324 8
5000 1326 7
5000 1326 8
5000 1328 7
5000 1330 6
-5000 1330 8
5000 1332 7
-5000 1334 6
5000 1334 7
5000 1337 6
5000 1339 5
5000 1339 6
5000 1341 5
5000 1341 6
5000 1343 5
5000 1345 4
5000 1345 5
5000 1347 4
5000 1347 5
5000 1349 4
5000 1351 3
-5000 1351 4
5000 1353 3
5000 1353 4
5000 1355 3
5000 1357 2
5000 1357 3
5000 1359 2
5000 1359 3
5000 1361 2
5000 1363 1
-5000 1363 2
5000 1365 1
5000 1366 2
5000 1368 2
-5000 1368 3
5000 1368 4
-5000 1368 5
5000 1368 6
-5000 1368 7
5000 1368 8
5000 1368 9
-5000 1370 9
5000 1370 10
5000 1372 9
5000 1372 10
5000 1374 10
-5000 1376 10
5000 1376 11
5000 1378 10
5000 1378 11
5000 1380 10
5000 1380 11
5000 1382 11
5000 1382 12
5000 1384 11
-5000 1384 12
5000 1386 11
5000 1386 12
5000 1388 12
5000 1388 13
5000 1390 12
5000 1390 13
5000 1393 9
5000 1393 12
5000 1395 8
5000 1395 9
5000 1397 8
5000 1399 7
5000 1399 9
5000 1401 10
5000 1402 8
-5000 1404 7
5000 1404 8
5000 1407 7
5000 1409 6
5000 1409 7
5000 1411 6
5000 1411 7
5000 1413 6
5000 1415 5
5000 1415 6
5000 1417 5
5000 1417 6
5000 1419 5
5000 1421 4
-5000 1421 5
5000 1423 4
5000 1423 5
5000 1425 4
5000 1427 3
5000 1427 4
5000 1429 3
5000 1429 4
5000 1431 3
5000 1433 2
-5000 1433 3
5000 1435 2
5000 1435 3
5000 1437 2
5000 1439 1
5000 1439 2
5000 1441 1
5000 1442 2
5000 1444 1
5000 1446 0
5000 1446 1
5000 1448 0
5000 1448 1
5000 1450 1
-5000 1450 2
5000 1450 3
-5000 1450 4
5000 1450 5
-5000 1450 6
5000 1450 7
-5000 1450 8
5000 1450 9
5000 1452 9
5000 1452 10
5000 1454 10
5000 1456 9
8750 1456 11
5000 1459 10
5000 1461 10
5000 1461 11
5000 1463 10
5000 1463 11
5000 1465 8
5000 1465 9
5000 1465 12
-5000 1467 8
5000 1467 9
5000 1470 8
5000 1472 7
5000 1472 8
5000 1474 7
5000 1474 8
5000 1476 7
5000 1478 6
5000 1478 7
5000 1480 6
5000 1480 7
5000 1482 6
5000 1484 5
-5000 1484 6
5000 1486 5
5000 1486 6
5000 1488 5
5000 1490 4
5000 1490 5
5000 1492 4
5000 1492 5
5000 1494 4
5000 1496 3
-5000 1496 4
5000 1498 3
5000 1498 4
5000 1500 3
5000 1502 2
5000 1502 3
5000 1504 2
5000 1504 3
5000 1506 2
5000 1508 1
-5000 1508 2
5000 1510 1
5000 1511 2
-5000 1513 2
-5000 1513 3
5000 1513 4
-5000 1513 5
5000 1513 6
-5000 1513 7
5000 1513 8
-5000 1513 9
5000 1516 10
5000 1516 11
5000 1518 11
5000 1518 12
5000 1520 11
5000 1520 12
5000 1522 9
5000 1522 13
-5000 1524 9
5000 1524 10
-5000 1526 10
5000 1528 10
5000 1529 11
-5000 1531 10
5000 1531 11
-5000 1533 11
5000 1533 12
5000 1535 12
5000 1535 13
5000 1537 12
5000 1539 11
5000 1539 13
5000 1542 12
5000 1544 11
-5000 1544 12
-5000 1546 12
5000 1546 13
-2500 1546 14
5000 1548 13
5000 1548 14
5000 1550 13
5000 1552 12
5000 1552 14
5000 1554 13
-5000 1556 12
5000 1556 13
5000 1558 13
5000 1558 14
5000 1560 13
5000 1560 14
5000 1562 13
5000 1562 14
5000 1564 14
5000 1565 9
5000 1567 8
5000 1567 9
5000 1569 8
5000 1569 9
5000 1571 8
5000 1573 7
5000 1573 8
5000 1575 7
5000 1575 8
5000 1577 7
5000 1579 6
-5000 1579 7
5000 1581 6
5000 1581 7
5000 1583 6
5000 1585 5
5000 1585 6
5000 1587 5
5000 1587 6
5000 1589 5
5000 1591 4
-5000 1591 5
5000 1593 4
5000 1593 5
5000 1595 4
5000 1597 3
5000 1597 4
5000 1599 3
5000 1599 4
5000 1601 3
5000 1603 2
5000 1603 3
5000 1605 2
5000 1605 3
5000 1607 2
5000 1609 1
5000 1609 2
5000 1611 1
5000 1612 2
5000 1614 1
5000 1616 0
5000 1616 1
5000 1618 0
5000 1618 1
5000 1620 1
-5000 1620 2
5000 1620 3
-5000 1620 4
5000 1620 5
-5000 1620 6
5000 1620 7
-5000 1620 8
5000 1620 9
5000 1622 10
5000 1624 9
5000 1624 10
5000 1626 9
5000 1626 10
5000 1628 10
5000 1630 11
5000 1632 10
5000 1632 11
5000 1634 10
5000 1634 11
5000 1636 10
5000 1636 11
5000 1638 12
5000 1640 11
5000 1640 12
5000 1642 11
5000 1642 12
5000 1644 11
5000 1644 12
-7500 1646 12
5000 1646 13
5000 1648 12
5000 1648 13
5000 1650 12
5000 1650 13
5000 1652 12
5000 1652 13
5000 1653 9
5000 1655 8
5000 1655 9
5000 1657 8
5000 1657 9
5000 1659 8
5000 1661 7
-5000 1661 8
5000 1663 7
5000 1663 8
5000 1665 7
5000 1667 6
5000 1667 7
5000 1669 6
5000 1669 7
5000 1671 6
5000 1673 5
-5000 1673 6
5000 1675 5
5000 1675 6
5000 1677 5
5000 1679 4
5000 1679 5
5000 1681 4
5000 1681 5
5000 1683 4
5000 1685 3
-5000 1685 4
5000 1687 3
5000 1687 4
5000 1689 3
5000 1691 2
5000 1691 3
5000 1693 2
5000 1693 3
5000 1695 2
5000 1697 1
-5000 1697 2
5000 1699 1
5000 1700 2
-5000 1702 2
-5000 1702 3
-5000 1702 4
-5000 1702 5
-5000 1702 6
-5000 1702 7
-5000 1702 8
-5000 1702 9
5000 1704 9
-5000 1704 10
5000 1706 9
5000 1706 10
-5000 1708 10
5000 1710 10
5000 1710 11
5000 1712 10
5000 1712 11
5000 1714 10
-5000 1714 11
5000 1716 11
5000 1716 12
-5000 1718 11
5000 1718 12
-2500 1720 12
5000 1722 12
5000 1722 13
5000 1724 12
-5000 1724 13
5000 1726 12
5000 1726 13
-5000 1728 13
5000 1728 14
5000 1730 13
-5000 1730 14
5000 1732 9
5000 1732 13
5000 1734 8
5000 1734 9
5000 1736 8
5000 1736 9
5000 1738 8
5000 1740 7
-5000 1740 8
5000 1742 7
5000 1742 8
5000 1744 7
5000 1746 6
5000 1746 7
5000 1748 6
5000 1748 7
5000 1750 6
5000 1752 5
-5000 1752 6
5000 1754 5
5000 1754 6
5000 1756 5
5000 1758 4
5000 1758 5
5000 1760 4
5000 1760 5
5000 1762 4
5000 1764 3
-5000 1764 4
5000 1766 3
5000 1766 4
5000 1768 3
5000 1770 2
5000 1770 3
5000 1772 2
5000 1772 3
5000 1774 2
5000 1776 1
-5000 1776 2
5000 1778 1
5000 1779 2
5000 1781 1
5000 1783 0
5000 1783 1
5000 1785 0
5000 1785 1
5000 1787 1
-5000 1787 2
5000 1787 3
-5000 1787 4
5000 1787 5
-5000 1787 6
5000 1787 7
-5000 1787 8
5000 1787 9
5000 1789 9
5000 1789 10
5000 1791 9
-5000 1791 10
-5000 1793 10
2500 1795 10
5000 1795 11
5000 1797 10
5000 1797 11
5000 1799 10
5000 1799 11
5000 1801 10
5000 1801 11
5000 1803 11
5000 1803 12
5000 1805 11
-5000 1805 12
5000 1807 11
5000 1807 12
5000 1809 12
5000 1809 13
5000 1811 12
5000 1811 13
5000 1814 9
5000 1814 12
5000 1816 8
5000 1816 9
5000 1818 8
5000 1818 9
5000 1820 8
5000 1822 7
5000 1822 8
5000 1824 7
-5000 1824 8
5000 1826 7
5000 1828 6
5000 1828 7
5000 1830 6
5000 1830 7
5000 1832 6
5000 1834 5
5000 1834 6
5000 1836 5
-5000 1836 6
5000 1838 5
5000 1840 4
5000 1840 5
5000 1842 4
5000 1842 5
5000 1844 4
5000 1846 3
5000 1846 4
5000 1848 3
-5000 1848 4
5000 1850 3
5000 1852 2
5000 1852 3
5000 1854 2
5000 1854 3
5000 1857 2
5000 1859 1
5000 1859 2
5000 1861 1
5000 1862 2
5000 1864 2
-5000 1864 3
-5000 1864 4
-5000 1864 5
-5000 1864 6
5000 1864 7
-5000 1864 8
-5000 1864 9
5000 1866 9
5000 1866 10
5000 1868 9
5000 1868 10
-2500 1870 8
-2500 1871 10
5000 1873 10
5000 1873 11
5000 1875 10
-5000 1875 11
5000 1877 10
5000 1877 11
-5000 1879 11
5000 1879 12
5000 1881 11
-5000 1881 12
5000 1883 11
5000 1883 12
5000 1885 12
5000 1885 13
5000 1887 12
-5000 1887 13
5000 1889 12
5000 1889 13
5000 1891 13
5000 1891 14
5000 1893 13
-5000 1893 14
5000 1895 9
5000 1895 13
5000 1897 8
5000 1897 9
5000 1899 8
5000 1899 9
5000 1901 8
5000 1903 7
5000 1903 8
5000 1905 7
-2500 1907 6
5000 1907 8
5000 1909 7
5000 1911 6
5000 1911 7
5000 1913 6
5000 1913 7
5000 1915 6
5000 1917 5
-5000 1917 6
5000 1919 5
-2500 1921 4
5000 1921 6
5000 1923 5
5000 1925 4
5000 1925 5
5000 1927 4
5000 1927 5
5000 1929 4
5000 1931 3
5000 1931 4
5000 1933 3
-1249 1935 2
5000 1935 4
5000 1937 3
5000 1939 2
5000 1939 3
5000 1941 2
5000 1941 3
5000 1943 2
5000 1945 1
5000 1945 2
5000 1947 1
-5000 1948 2
-2500 1950 1
5000 1952 0
5000 1952 1
-5000 1954 0
5000 1954 1
5000 1956 0
5000 1956 1
10000 1956 2
5000 1956 3
7500 1956 4
5000 1956 5
-5000 1956 6
5000 1956 7
-7500 1956 8
5000 1956 9
-5000 1958 9
5000 1958 10
5000 1960 9
5000 1960 10
5000 1962 10
5000 1964 10
5000 1964 11
5000 1966 10
-5000 1966 11
5000 1968 10
5000 1968 11
-5000 1970 11
5000 1970 12
5000 1972 11
5000 1972 12
5000 1974 11
5000 1974 12
5000 1976 12
5000 1976 13
5000 1978 12
5000 1978 13
5000 1981 9
5000 1981 12
-5000 1983 8
5000 1983 9
5000 1985 8
5000 1985 9
5000 1987 8
5000 1989 7
5000 1989 8
5000 1991 7
-5000 1991 8
5000 1993 7
5000 1995 6
5000 1995 7
5000 1997 6
-5000 1997 7
5000 1999 6
-5000 2001 5
5000 2001 6
5000 2003 5
5000 2003 6
5000 2005 5
5000 2007 4
5000 2007 5
5000 2009 4
-5000 2009 5
5000 2011 4
-5000 2013 3
5000 2013 4
5000 2015 3
5000 2015 4
5000 2017 3
-5000 2019 2
5000 2019 3
5000 2021 2
5000 2021 3
5000 2023 2
5000 2025 1
5000 2025 2
5000 2027 1
-5000 2027 2
5000 2029 1
5000 2031 0
-5000 2031 1
5000 2033 0
-5000 2033 1
5000 2035 0
5000 2035 1
5000 2035 2
5000 2035 3
5000 2035 4
5000 2035 5
5000 2035 6
5000 2035 7
5000 2035 8
5000 2035 9
5000 2037 9
5000 2037 10
5000 2039 9
5000 2039 10
5000 2041 10
-5000 2043 10
5000 2043 11
5000 2045 10
5000 2045 11
5000 2047 10
5000 2047 11
-5000 2049 11
5000 2049 12
5000 2051 11
5000 2051 12
5000 2053 11
5000 2053 12
-5000 2055 12
5000 2055 13
5000 2057 12
5000 2057 13
5000 2059 12
5000 2059 13
5000 2061 13
5000 2061 14
5000 2063 13
-5000 2063 14
5000 2065 9
5000 2065 13
-5000 2067 8
5000 2067 9
5000 2069 8
5000 2069 9
5000 2071 8
-5000 2073 7
5000 2073 8
5000 2075 7
-5000 2075 8
5000 2077 7
5000 2079 6
5000 2079 7
5000 2081 6
-5000 2081 7
5000 2083 6
-5000 2085 5
5000 2085 6
5000 2087 5
-5000 2087 6
5000 2089 5
5000 2091 4
5000 2091 5
5000 2093 4
-5000 2093 5
5000 2095 4
-5000 2097 3
5000 2097 4
5000 2099 3
-5000 2099 4
5000 2101 3
5000 2103 2
5000 2103 3
5000 2105 2
-5000 2105 3
5000 2107 2
5000 2109 1
-5000 2109 2
5000 2111 1
-5000 2111 2
5000 2113 1
5000 2113 2
5000 2113 3
5000 2113 4
5000 2113 5
5000 2113 6
5000 2113 7
5000 2113 8
5000 2113 9
5000 2115 9
5000 2115 10
5000 2117 9
-5000 2117 10
5000 2119 10
5000 2121 10
5000 2121 11
5000 2123 10
-5000 2123 11
5000 2125 10
5000 2125 11
5000 2127 11
5000 2127 12
5000 2129 11
-5000 2129 12
5000 2131 11
5000 2131 12
5000 2133 12
5000 2133 13
5000 2135 12
5000 2135 13
5000 2138 9
5000 2138 12
5000 2140 8
5000 2140 9
5000 2142 8
-5000 2142 9
5000 2144 8
-5000 2146 7
5000 2146 8
5000 2148 7
5000 2148 8
5000 2150 7
5000 2152 6
5000 2152 7
5000 2154 6
-5000 2154 7
5000 2156 6
-5000 2158 5
5000 2158 6
5000 2160 5
5000 2160 6
5000 2162 5
-5000 2164 4
5000 2164 5
5000 2166 4
5000 2166 5
5000 2168 4
5000 2170 3
5000 2170 4
5000 2172 3
-5000 2172 4
5000 2174 3
5000 2176 2
-5000 2176 3
5000 2178 2
-5000 2178 3
5000 2180 2
5000 2180 3
5000 2180 4
5000 2180 5
5000 2180 6
5000 2180 7
5000 2180 8
5000 2180 9
5000 2182 9
5000 2182 10
5000 2184 9
-5000 2184 10
5000 2186 10
5000 2188 10
5000 2188 11
5000 2190 10
-5000 2190 11
5000 2192 10
5000 2192 11
5000 2194 11
5000 2194 12
5000 2196 11
-5000 2196 12
5000 2198 11
5000 2198 12
5000 2200 12
5000 2200 13
5000 2202 12
-5000 2202 13
5000 2204 12
5000 2204 13
-5000 2206 13
5000 2206 14
5000 2208 13
-5000 2208 14
5000 2210 9
5000 2210 13
-5000 2212 8
5000 2212 9
5000 2214 8
5000 2214 9
5000 2216 8
5000 2218 7
5000 2218 8
5000 2220 7
-5000 2220 8
5000 2222 7
-5000 2224 6
5000 2224 7
5000 2226 6
5000 2226 7
5000 2228 6
-5000 2230 5
5000 2230 6
5000 2232 5
5000 2232 6
5000 2234 5
5000 2236 4
5000 2236 5
5000 2238 4
-5000 2238 5
5000 2240 4
5000 2242 3
-5000 2242 4
5000 2244 3
-5000 2244 4
5000 2246 3
5000 2246 4
5000 2246 5
5000 2246 6
5000 2246 7
5000 2246 8
5000 2246 9
-5000 2248 9
5000 2248 10
5000 2250 9
5000 2250 10
5000 2252 10
-5000 2254 10
5000 2254 11
5000 2256 10
5000 2256 11
5000 2258 10
5000 2258 11
-5000 2260 11
5000 2260 12
5000 2262 11
5000 2262 12
5000 2264 11
5000 2264 12
-5000 2266 12
5000 2266 13
5000 2268 12
5000 2268 13
5000 2271 9
5000 2271 12
5000 2273 8
5000 2273 9
5000 2275 8
-5000 2275 9
5000 2277 8
-5000 2279 7
5000 2279 8
5000 2281 7
5000 2281 8
5000 2283 7
-5000 2285 6
5000 2285 7
5000 2287 6
5000 2287 7
5000 2289 6
5000 2291 5
5000 2291 6
5000 2293 5
-5000 2293 6
5000 2295 5
5000 2297 4
-5000 2297 5
5000 2299 4
-5000 2299 5
5000 2301 4
5000 2301 5
5000 2301 6
5000 2301 7
5000 2301 8
5000 2301 9
5000 2303 9
5000 2303 10
5000 2305 9
-5000 2305 10
5000 2307 10
5000 2309 10
5000 2309 11
5000 2311 10
-5000 2311 11
5000 2313 10
5000 2313 11
-5000 2315 11
5000 2315 12
5000 2317 11
-5000 2317 12
5000 2319 11
5000 2319 12
5000 2321 12
5000 2321 13
5000 2323 12
-5000 2323 13
5000 2325 12
5000 2325 13
5000 2327 13
5000 2327 14
5000 2329 13
-5000 2329 14
5000 2331 9
5000 2331 13
-5000 2333 8
5000 2333 9
5000 2335 8
5000 2335 9
5000 2337 8
-5000 2339 7
5000 2339 8
5000 2341 7
5000 2341 8
5000 2343 7
5000 2345 6
5000 2345 7
5000 2347 6
-5000 2347 7
5000 2349 6
5000 2351 5
-5000 2351 6
5000 2353 5
-5000 2353 6
5000 2355 5
5000 2355 6
5000 2355 7
5000 2355 8
5000 2355 9
-5000 2357 9
5000 2357 10
5000 2359 9
5000 2359 10
5000 2361 10
5000 2363 10
5000 2363 11
5000 2365 10
-5000 2365 11
5000 2367 10
5000 2367 11
5000 2369 11
5000 2369 12
5000 2371 11
-5000 2371 12
5000 2373 11
5000 2373 12
-5000 2375 12
5000 2375 13
5000 2377 12
5000 2377 13
5000 2380 9
5000 2380 12
-5000 2382 8
5000 2382 9
5000 2384 8
5000 2384 9
5000 2386 8
5000 2388 7
5000 2388 8
5000 2390 7
-5000 2390 8
5000 2392 7
5000 2394 6
-5000 2394 7
5000 2396 6
-5000 2396 7
5000 2398 6
5000 2398 7
5000 2398 8
5000 2398 9
-5000 2400 9
5000 2400 10
5000 2402 9
-5000 2402 10
5000 2404 10
-5000 2406 10
5000 2406 11
5000 2408 10
5000 2408 11
5000 2410 10
5000 2410 11
-5000 2412 11
5000 2412 12
5000 2414 11
5000 2414 12
5000 2416 11
5000 2416 12
5000 2418 12
5000 2418 13
5000 2420 12
-5000 2420 13
5000 2422 12
5000 2422 13
5000 2424 13
5000 2424 14
5000 2426 13
-5000 2426 14
5000 2428 9
5000 2428 13
5000 2430 8
5000 2430 9
5000 2432 8
-5000 2432 9
5000 2434 8
5000 2436 7
-5000 2436 8
5000 2438 7
-5000 2438 8
5000 2440 7
5000 2440 8
5000 2440 9
5000 2442 9
5000 2442 10
5000 2444 9
-5000 2444 10
5000 2446 10
5000 2448 10
5000 2448 11
5000 2450 10
-5000 2450 11
5000 2452 10
5000 2452 11
5000 2454 11
5000 2454 12
5000 2456 11
-5000 2456 12
5000 2458 11
5000 2458 12
-5000 2460 12
5000 2460 13
5000 2462 12
5000 2462 13
5000 2465 9
5000 2465 12
5000 2467 8
-5000 2467 9
5000 2469 8
-5000 2469 9
5000 2471 8
5000 2471 9
5000 2473 9
-5000 2473 10
5000 2475 9
-5000 2475 10
5000 2477 10
5000 2479 10
-5000 2479 11
5000 2481 10
-5000 2481 11
5000 2483 10
5000 2483 11
5000 2485 11
-5000 2485 12
5000 2487 11
-5000 2487 12
5000 2489 11
5000 2489 12
5000 2491 12
5000 2491 13
5000 2493 12
5000 2493 13
5000 2496 9
5000 2496 12
100000 1 0
100000 1 1
100000 3 0
100000 3 1
100000 5 1
100000 5 2
100000 7 1
100000 7 2
100000 9 0
100000 9 1
100000 10 2
100000 10 3
100000 12 1
100000 12 2
100000 14 1
100000 14 2
100000 16 0
100000 16 1
100000 17 1
100000 17 2
100000 19 0
100000 19 1
100000 21 0
100000 21 1
100000 23 0
100000 23 1
100000 25 3
100000 25 4
100000 27 3
100000 27 4
100000 29 2
100000 29 3
100000 31 2
100000 31 3
100000 33 2
100000 33 3
100000 35 1
100000 35 2
100000 37 1
100000 37 2
100000 39 0
100000 39 1
100000 40 1
100000 40 2
100000 42 4
100000 42 5
100000 44 4
100000 44 5
100000 46 3
100000 46 4
100000 48 3
100000 48 4
100000 50 3
100000 50 4
100000 52 2
100000 52 3
100000 54 2
100000 54 3
100000 56 2
100000 56 3
100000 58 1
100000 58 2
100000 60 1
100000 60 2
100000 62 0
100000 62 1
100000 63 1
100000 63 2
100000 65 0
100000 65 1
100000 67 0
100000 67 1
100000 69 0
100000 69 1
100000 71 5
100000 71 6
100000 73 5
100000 73 6
100000 75 4
100000 75 5
100000 77 4
100000 77 5
100000 79 4
100000 79 5
100000 81 3
100000 81 4
100000 83 3
100000 83 4
100000 85 3
100000 85 4
100000 87 2
100000 87 3
100000 89 2
100000 89 3
100000 91 2
100000 91 3
100000 92 1
100000 92 2
100000 94 1
100000 94 2
100000 96 1
100000 96 2
100000 98 1
100000 98 2
100000 100 6
100000 100 7
100000 102 6
100000 102 7
100000 104 5
100000 104 6
100000 106 5
100000 106 6
100000 108 5
100000 108 6
100000 110 4
100000 110 5
100000 112 4
100000 112 5
100000 114 4
100000 114 5
100000 116 3
100000 116 4
100000 118 3
100000 118 4
100000 120 3
100000 120 4
100000 121 2
100000 121 3
100000 123 2
100000 123 3
100000 125 2
100000 125 3
100000 127 2
100000 127 3
100000 129 1
100000 129 2
100000 130 0
100000 130 1
100000 132 1
100000 132 2
100000 134 0
100000 134 1
100000 135 1
100000 135 2
100000 137 1
100000 137 2
100000 139 0
100000 139 1
100000 141 0
100000 141 1
100000 143 0
100000 143 1
100000 145 7
100000 145 8
100000 147 7
100000 147 8
100000 149 6
100000 149 7
100000 151 6
100000 151 7
100000 153 6
100000 153 7
100000 155 5
100000 155 6
100000 157 5
100000 157 6
100000 159 5
100000 159 6
100000 161 4
100000 161 5
100000 163 4
100000 163 5
100000 165 4
100000 165 5
100000 166 3
100000 166 4
100000 168 3
100000 168 4
100000 170 3
100000 170 4
100000 172 3
100000 172 4
100000 174 2
100000 174 3
100000 176 2
100000 176 3
100000 178 2
100000 178 3
100000 180 7
100000 180 8
100000 182 7
100000 182 8
100000 184 7
100000 184 8
100000 186 6
100000 186 7
100000 188 6
100000 188 7
100000 190 6
100000 190 7
100000 192 5
100000 192 6
100000 194 5
100000 194 6
100000 196 5
100000 196 6
100000 197 4
100000 197 5
100000 199 4
100000 199 5
100000 201 4
100000 201 5
100000 203 4
100000 203 5
100000 205 3
100000 205 4
100000 206 2
100000 206 3
100000 208 1
100000 208 2
100000 210 1
100000 210 2
100000 212 0
100000 212 1
100000 213 1
100000 213 2
100000 215 3
100000 215 4
100000 217 3
100000 217 4
100000 219 2
100000 219 3
100000 221 2
100000 221 3
100000 223 2
100000 223 3
100000 225 1
100000 225 2
100000 227 1
100000 227 2
100000 229 0
100000 229 1
100000 230 1
100000 230 2
100000 232 0
100000 232 1
100000 234 0
100000 234 1
100000 236 0
100000 236 1
100000 238 9
100000 238 10
100000 240 9
100000 240 10
100000 242 8
100000 242 9
100000 244 8
100000 244 9
100000 246 8
100000 246 9
100000 248 7
100000 248 8
100000 250 7
100000 250 8
100000 252 7
100000 252 8
100000 254 6
100000 254 7
100000 256 6
100000 256 7
100000 258 6
100000 258 7
100000 259 5
100000 259 6
100000 261 5
100000 261 6
100000 263 5
100000 263 6
100000 265 5
100000 265 6
100000 267 4
100000 267 5
100000 269 4
100000 269 5
100000 271 4
100000 271 5
100000 273 3
100000 273 4
100000 275 3
100000 275 4
100000 277 3
100000 277 4
100000 279 2
100000 279 3
100000 281 2
100000 281 3
100000 283 2
100000 283 3
100000 284 1
100000 284 2
100000 286 1
100000 286 2
100000 288 1
100000 288 2
100000 290 1
100000 290 2
100000 292 9
100000 292 10
100000 294 9
100000 294 10
100000 296 9
100000 296 10
100000 298 8
100000 298 9
100000 300 8
100000 300 9
100000 302 8
100000 302 9
100000 304 7
100000 304 8
100000 306 7
100000 306 8
100000 308 7
100000 308 8
100000 309 6
100000 309 7
100000 311 6
100000 311 7
100000 313 6
100000 313 7
100000 315 6
100000 315 7
100000 317 5
100000 317 6
100000 319 5
100000 319 6
100000 321 5
100000 321 6
100000 323 4
100000 323 5
100000 325 4
100000 325 5
100000 327 4
100000 327 5
100000 329 3
100000 329 4
100000 331 3
100000 331 4
100000 333 3
100000 333 4
100000 334 2
100000 334 3
100000 336 2
100000 336 3
100000 338 2
100000 338 3
100000 340 2
100000 340 3
100000 342 1
100000 342 2
100000 343 0
100000 343 1
100000 345 1
100000 345 2
100000 347 0
100000 347 1
100000 348 1
100000 348 2
100000 350 1
100000 350 2
100000 352 0
100000 352 1
100000 354 0
100000 354 1
100000 356 0
100000 356 1
100000 358 11
100000 358 12
100000 360 10
100000 360 11
100000 362 10
100000 362 11
100000 364 10
100000 364 11
100000 366 11
100000 366 12
100000 368 11
100000 368 12
100000 370 11
100000 370 12
100000 371 9
100000 371 10
100000 373 9
100000 373 10
100000 375 9
100000 375 10
100000 377 10
100000 377 11
100000 379 10
100000 379 11
100000 381 10
100000 381 11
100000 383 8
100000 383 9
100000 385 8
100000 385 9
100000 387 8
100000 387 9
100000 388 7
100000 388 8
100000 390 7
100000 390 8
100000 392 7
100000 392 8
100000 394 7
100000 394 8
100000 396 6
100000 396 7
100000 398 6
100000 398 7
100000 400 6
100000 400 7
100000 402 5
100000 402 6
100000 404 5
100000 404 6
100000 406 5
100000 406 6
100000 408 4
100000 408 5
100000 410 4
100000 410 5
100000 412 4
100000 412 5
100000 413 3
100000 413 4
100000 415 3
100000 415 4
100000 417 3
100000 417 4
100000 419 3
100000 419 4
100000 421 2
100000 421 3
100000 423 2
100000 423 3
100000 425 2
100000 425 3
100000 427 9
100000 427 10
100000 429 9
100000 429 10
100000 431 9
100000 431 10
100000 432 8
100000 432 9
100000 434 8
100000 434 9
100000 436 8
100000 436 9
100000 438 8
100000 438 9
100000 440 7
100000 440 8
100000 442 7
100000 442 8
100000 444 7
100000 444 8
100000 446 6
100000 446 7
100000 448 6
100000 448 7
100000 450 6
100000 450 7
100000 452 5
100000 452 6
100000 454 5
100000 454 6
100000 456 5
100000 456 6
100000 457 4
100000 457 5
100000 459 4
100000 459 5
100000 461 4
100000 461 5
100000 463 4
100000 463 5
100000 465 3
100000 465 4
100000 466 2
100000 466 3
100000 468 1
100000 468 2
100000 470 1
100000 470 2
100000 472 0
100000 472 1
100000 473 1
100000 473 2
100000 475 3
100000 475 4
100000 477 3
100000 477 4
100000 479 2
100000 479 3
100000 481 2
100000 481 3
100000 483 2
100000 483 3
100000 485 1
100000 485 2
100000 487 1
100000 487 2
100000 489 0
100000 489 1
100000 490 1
100000 490 2
100000 492 0
100000 492 1
100000 494 0
100000 494 1
100000 496 0
100000 496 1
100000 498 13
100000 498 14
100000 500 13
100000 500 14
100000 502 12
100000 502 13
100000 504 12
100000 504 13
100000 506 12
100000 506 13
100000 508 11
100000 508 12
100000 510 11
100000 510 12
100000 512 11
100000 512 12
100000 514 10
100000 514 11
100000 516 10
100000 516 11
100000 518 10
100000 518 11
100000 519 9
100000 519 10
100000 521 9
100000 521 10
100000 523 13
100000 523 14
100000 525 13
100000 525 14
100000 527 13
100000 527 14
100000 528 12
100000 528 13
100000 530 12
100000 530 13
100000 532 12
100000 532 13
100000 534 12
100000 534 13
100000 536 11
100000 536 12
100000 538 11
100000 538 12
100000 540 13
100000 540 14
100000 541 9
100000 541 10
100000 543 9
100000 543 10
100000 545 10
100000 545 11
100000 546 11
100000 546 12
100000 548 10
100000 548 11
100000 550 10
100000 550 11
100000 552 10
100000 552 11
100000 554 12
100000 554 13
100000 556 12
100000 556 13
100000 558 12
100000 558 13
100000 560 11
100000 560 12
100000 562 11
100000 562 12
100000 564 11
100000 564 12
100000 566 13
100000 566 14
100000 568 13
100000 568 14
100000 570 13
100000 570 14
100000 572 12
100000 572 13
100000 574 12
100000 574 13
100000 576 13
100000 576 14
100000 577 12
100000 577 13
100000 579 8
100000 579 9
100000 581 8
100000 581 9
100000 583 8
100000 583 9
100000 585 7
100000 585 8
100000 587 7
100000 587 8
100000 589 7
100000 589 8
100000 591 6
100000 591 7
100000 593 6
100000 593 7
100000 595 6
100000 595 7
100000 596 5
100000 596 6
100000 598 5
100000 598 6
100000 600 5
100000 600 6
100000 602 5
100000 602 6
100000 604 4
100000 604 5
100000 606 4
100000 606 5
100000 608 4
100000 608 5
100000 610 3
100000 610 4
100000 612 3
100000 612 4
100000 614 3
100000 614 4
100000 616 2
100000 616 3
100000 618 2
100000 618 3
100000 620 2
100000 620 3
100000 621 1
100000 621 2
100000 623 1
100000 623 2
100000 625 1
100000 625 2
100000 627 1
100000 627 2
100000 628 0
100000 628 1
100000 629 9
100000 629 10
100000 631 9
100000 631 10
100000 633 9
100000 633 10
100000 634 10
100000 634 11
100000 636 10
100000 636 11
100000 638 10
100000 638 11
100000 640 11
100000 640 12
100000 642 11
100000 642 12
100000 644 11
100000 644 12
100000 646 12
100000 646 13
100000 648 12
100000 648 13
100000 650 12
100000 650 13
100000 652 13
100000 652 14
100000 654 13
100000 654 14
100000 656 13
100000 656 14
100000 657 8
100000 657 9
100000 659 8
100000 659 9
100000 661 8
100000 661 9
100000 663 8
100000 663 9
100000 665 7
100000 665 8
100000 667 7
100000 667 8
100000 669 6
100000 669 7
100000 671 7
100000 671 8
100000 673 6
100000 673 7
100000 675 6
100000 675 7
100000 677 6
100000 677 7
100000 679 5
100000 679 6
100000 681 5
100000 681 6
100000 683 5
100000 683 6
100000 685 4
100000 685 5
100000 687 4
100000 687 5
100000 689 4
100000 689 5
100000 691 3
100000 691 4
100000 693 3
100000 693 4
100000 695 3
100000 695 4
100000 696 2
100000 696 3
100000 698 2
100000 698 3
100000 700 2
100000 700 3
100000 702 2
100000 702 3
100000 704 1
100000 704 2
100000 706 1
100000 706 2
100000 708 0
100000 708 1
100000 710 1
100000 710 2
100000 712 0
100000 712 1
100000 714 0
100000 714 1
100000 716 0
100000 716 1
100000 718 9
100000 718 10
100000 720 9
100000 720 10
100000 722 9
100000 722 10
100000 724 10
100000 724 11
100000 726 10
100000 726 11
100000 728 10
100000 728 11
100000 730 11
100000 730 12
100000 732 11
100000 732 12
100000 734 11
100000 734 12
100000 736 12
100000 736 13
100000 738 12
100000 738 13
100000 740 13
100000 740 14
100000 741 12
100000 741 13
100000 743 8
100000 743 9
100000 745 8
100000 745 9
100000 747 8
100000 747 9
100000 749 7
100000 749 8
100000 751 7
100000 751 8
100000 753 7
100000 753 8
100000 755 6
100000 755 7
100000 757 6
100000 757 7
100000 759 6
100000 759 7
100000 761 5
100000 761 6
100000 763 5
100000 763 6
100000 765 5
100000 765 6
100000 767 4
100000 767 5
100000 769 4
100000 769 5
100000 771 4
100000 771 5
100000 773 3
100000 773 4
100000 775 3
100000 775 4
100000 777 3
100000 777 4
100000 779 2
100000 779 3
100000 781 2
100000 781 3
100000 783 2
100000 783 3
100000 785 1
100000 785 2
100000 787 1
100000 787 2
100000 789 1
100000 789 2
100000 791 0
100000 791 1
100000 793 0
100000 793 1
100000 795 0
100000 795 1
100000 797 9
100000 797 10
100000 799 9
100000 799 10
100000 801 9
100000 801 10
100000 803 10
100000 803 11
100000 805 10
100000 805 11
100000 807 10
100000 807 11
100000 809 11
100000 809 12
100000 811 11
100000 811 12
100000 813 11
100000 813 12
100000 815 12
100000 815 13
100000 817 12
100000 817 13
100000 819 12
100000 819 13
100000 821 13
100000 821 14
100000 823 13
100000 823 14
100000 825 13
100000 825 14
100000 827 8
100000 827 9
100000 829 8
100000 829 9
100000 831 8
100000 831 9
100000 833 7
100000 833 8
100000 835 7
100000 835 8
100000 837 7
100000 837 8
100000 839 6
100000 839 7
100000 841 6
100000 841 7
100000 843 6
100000 843 7
100000 845 5
100000 845 6
100000 847 5
100000 847 6
100000 849 5
100000 849 6
100000 851 4
100000 851 5
100000 853 4
100000 853 5
100000 855 4
100000 855 5
100000 857 3
100000 857 4
100000 859 3
100000 859 4
100000 861 3
100000 861 4
100000 863 2
100000 863 3
100000 865 2
100000 865 3
100000 867 2
100000 867 3
100000 869 1
100000 869 2
100000 870 0
100000 870 1
100000 872 1
100000 872 2
100000 874 1
100000 874 2
100000 876 9
100000 876 10
100000 878 9
100000 878 10
100000 880 9
100000 880 10
100000 882 10
100000 882 11
100000 884 10
100000 884 11
100000 886 10
100000 886 11
100000 888 11
100000 888 12
100000 890 11
100000 890 12
100000 892 11
100000 892 12
100000 894 12
100000 894 13
100000 896 12
100000 896 13
100000 898 13
100000 898 14
100000 899 12
100000 899 13
100000 901 8
100000 901 9
100000 903 8
100000 903 9
100000 905 8
100000 905 9
100000 907 7
100000 907 8
100000 909 7
100000 909 8
100000 911 7
100000 911 8
100000 913 6
100000 913 7
100000 915 6
100000 915 7
100000 917 6
100000 917 7
100000 919 5
100000 919 6
100000 921 5
100000 921 6
100000 923 5
100000 923 6
100000 925 4
100000 925 5
100000 927 4
100000 927 5
100000 929 4
100000 929 5
100000 931 3
100000 931 4
100000 933 3
100000 933 4
100000 935 3
100000 935 4
100000 937 2
100000 937 3
100000 938 1
100000 938 2
100000 940 0
100000 940 1
100000 941 2
100000 941 3
100000 943 2
100000 943 3
100000 945 1
100000 945 2
100000 947 9
100000 947 10
100000 949 9
100000 949 10
100000 951 9
100000 951 10
100000 953 10
100000 953 11
100000 955 10
100000 955 11
100000 957 10
100000 957 11
100000 959 11
100000 959 12
100000 961 11
100000 961 12
100000 963 11
100000 963 12
100000 965 12
100000 965 13
100000 967 12
100000 967 13
100000 969 12
100000 969 13
100000 971 13
100000 971 14
100000 973 13
100000 973 14
100000 975 13
100000 975 14
100000 977 8
100000 977 9
100000 979 8
100000 979 9
100000 981 8
100000 981 9
100000 983 7
100000 983 8
100000 985 7
100000 985 8
100000 987 7
100000 987 8
100000 989 6
100000 989 7
100000 991 6
100000 991 7
100000 993 6
100000 993 7
100000 995 5
100000 995 6
100000 997 5
100000 997 6
100000 999 5
100000 999 6
100000 1001 4
100000 1001 5
100000 1003 4
100000 1003 5
100000 1005 4
100000 1005 5
100000 1007 3
100000 1007 4
100000 1008 2
100000 1008 3
100000 1010 1
100000 1010 2
100000 1012 0
100000 1012 1
100000 1013 1
100000 1013 2
100000 1015 0
100000 1015 1
100000 1017 0
100000 1017 1
100000 1019 0
100000 1019 1
100000 1021 3
100000 1021 4
100000 1023 3
100000 1023 4
100000 1025 2
100000 1025 3
100000 1027 9
100000 1027 10
100000 1029 9
100000 1029 10
100000 1031 9
100000 1031 10
100000 1033 10
100000 1033 11
100000 1035 10
100000 1035 11
100000 1037 10
100000 1037 11
100000 1039 11
100000 1039 12
100000 1041 11
100000 1041 12
100000 1043 11
100000 1043 12
100000 1045 12
100000 1045 13
100000 1047 12
100000 1047 13
100000 1049 13
100000 1049 14
100000 1050 12
100000 1050 13
100000 1052 8
100000 1052 9
100000 1054 8
100000 1054 9
100000 1056 8
100000 1056 9
100000 1058 7
100000 1058 8
100000 1060 7
100000 1060 8
100000 1062 7
100000 1062 8
100000 1064 6
100000 1064 7
100000 1066 6
100000 1066 7
100000 1068 6
100000 1068 7
100000 1070 5
100000 1070 6
100000 1072 5
100000 1072 6
100000 1074 5
100000 1074 6
100000 1076 4
100000 1076 5
100000 1077 3
100000 1077 4
100000 1079 2
100000 1079 3
100000 1081 2
100000 1081 3
100000 1082 1
100000 1082 2
100000 1084 1
100000 1084 2
100000 1086 1
100000 1086 2
100000 1088 1
100000 1088 2
100000 1090 4
100000 1090 5
100000 1092 4
100000 1092 5
100000 1094 3
100000 1094 4
100000 1096 9
100000 1096 10
100000 1098 9
100000 1098 10
100000 1100 9
100000 1100 10
100000 1102 10
100000 1102 11
100000 1104 10
100000 1104 11
100000 1106 10
100000 1106 11
100000 1108 11
100000 1108 12
100000 1110 11
100000 1110 12
100000 1112 11
100000 1112 12
100000 1114 12
100000 1114 13
100000 1116 12
100000 1116 13
100000 1118 12
100000 1118 13
100000 1120 13
100000 1120 14
100000 1122 13
100000 1122 14
100000 1124 13
100000 1124 14
100000 1126 8
100000 1126 9
100000 1128 8
100000 1128 9
100000 1130 8
100000 1130 9
100000 1132 7
100000 1132 8
100000 1134 7
100000 1134 8
100000 1136 7
100000 1136 8
100000 1138 6
100000 1138 7
100000 1140 6
100000 1140 7
100000 1142 6
100000 1142 7
100000 1144 5
100000 1144 6
100000 1145 4
100000 1145 5
100000 1147 3
100000 1147 4
100000 1149 3
100000 1149 4
100000 1150 2
100000 1150 3
100000 1152 2
100000 1152 3
100000 1154 2
100000 1154 3
100000 1156 2
100000 1156 3
100000 1158 1
100000 1158 2
100000 1159 0
100000 1159 1
100000 1161 1
100000 1161 2
100000 1163 0
100000 1163 1
100000 1164 1
100000 1164 2
100000 1166 1
100000 1166 2
100000 1168 0
100000 1168 1
100000 1170 0
100000 1170 1
100000 1172 0
100000 1172 1
100000 1174 5
100000 1174 6
100000 1176 5
100000 1176 6
100000 1178 4
100000 1178 5
100000 1180 5
100000 1180 6
100000 1182 4
100000 1182 5
100000 1184 4
100000 1184 5
100000 1185 3
100000 1185 4
100000 1187 3
100000 1187 4
100000 1189 3
100000 1189 4
100000 1191 3
100000 1191 4
100000 1193 2
100000 1193 3
100000 1195 2
100000 1195 3
100000 1197 2
100000 1197 3
100000 1199 9
100000 1199 10
100000 1201 9
100000 1201 10
100000 1203 9
100000 1203 10
100000 1205 10
100000 1205 11
100000 1207 10
100000 1207 11
100000 1209 10
100000 1209 11
100000 1211 11
100000 1211 12
100000 1213 11
100000 1213 12
100000 1215 11
100000 1215 12
100000 1217 12
100000 1217 13
100000 1219 12
100000 1219 13
100000 1221 13
100000 1221 14
100000 1222 12
100000 1222 13
100000 1224 8
100000 1224 9
100000 1226 8
100000 1226 9
100000 1228 8
100000 1228 9
100000 1230 7
100000 1230 8
100000 1232 7
100000 1232 8
100000 1234 7
100000 1234 8
100000 1236 6
100000 1236 7
100000 1238 6
100000 1238 7
100000 1240 5
100000 1240 6
100000 1242 9
100000 1242 10
100000 1244 9
100000 1244 10
100000 1246 9
100000 1246 10
100000 1248 10
100000 1248 11
100000 1250 10
100000 1250 11
100000 1252 10
100000 1252 11
100000 1254 11
100000 1254 12
100000 1256 11
100000 1256 12
100000 1258 11
100000 1258 12
100000 1260 12
100000 1260 13
100000 1262 12
100000 1262 13
100000 1264 12
100000 1264 13
100000 1266 13
100000 1266 14
100000 1268 13
100000 1268 14
100000 1270 13
100000 1270 14
100000 1272 8
100000 1272 9
100000 1274 8
100000 1274 9
100000 1276 8
100000 1276 9
100000 1278 7
100000 1278 8
100000 1279 6
100000 1279 7
100000 1281 5
100000 1281 6
100000 1283 5
100000 1283 6
100000 1284 4
100000 1284 5
100000 1286 4
100000 1286 5
100000 1288 4
100000 1288 5
100000 1290 4
100000 1290 5
100000 1292 3
100000 1292 4
100000 1293 2
100000 1293 3
100000 1295 1
100000 1295 2
100000 1297 1
100000 1297 2
100000 1299 0
100000 1299 1
100000 1300 1
100000 1300 2
100000 1302 3
100000 1302 4
100000 1304 3
100000 1304 4
100000 1306 2
100000 1306 3
100000 1308 2
100000 1308 3
100000 1310 2
100000 1310 3
100000 1312 1
100000 1312 2
100000 1314 1
100000 1314 2
100000 1316 0
100000 1316 1
100000 1317 1
100000 1317 2
100000 1319 0
100000 1319 1
100000 1321 0
100000 1321 1
100000 1323 0
100000 1323 1
100000 1325 7
100000 1325 8
100000 1327 7
100000 1327 8
100000 1329 6
100000 1329 7
100000 1331 7
100000 1331 8
100000 1333 6
100000 1333 7
100000 1335 6
100000 1335 7
100000 1336 5
100000 1336 6
100000 1338 5
100000 1338 6
100000 1340 5
100000 1340 6
100000 1342 5
100000 1342 6
100000 1344 4
100000 1344 5
100000 1346 4
100000 1346 5
100000 1348 4
100000 1348 5
100000 1350 3
100000 1350 4
100000 1352 3
100000 1352 4
100000 1354 3
100000 1354 4
100000 1356 2
100000 1356 3
100000 1358 2
100000 1358 3
100000 1360 2
100000 1360 3
100000 1362 1
100000 1362 2
100000 1364 1
100000 1364 2
100000 1366 0
100000 1366 1
100000 1367 1
100000 1367 2
100000 1369 9
100000 1369 10
100000 1371 9
100000 1371 10
100000 1373 9
100000 1373 10
100000 1375 10
100000 1375 11
100000 1377 10
100000 1377 11
100000 1379 10
100000 1379 11
100000 1381 11
100000 1381 12
100000 1383 11
100000 1383 12
100000 1385 11
100000 1385 12
100000 1387 12
100000 1387 13
100000 1389 12
100000 1389 13
100000 1391 13
100000 1391 14
100000 1392 12
100000 1392 13
100000 1394 8
100000 1394 9
100000 1396 8
100000 1396 9
100000 1398 7
100000 1398 8
100000 1400 9
100000 1400 10
100000 1401 8
100000 1401 9
100000 1403 7
100000 1403 8
100000 1405 7
100000 1405 8
100000 1406 6
100000 1406 7
100000 1408 6
100000 1408 7
100000 1410 6
100000 1410 7
100000 1412 6
100000 1412 7
100000 1414 5
100000 1414 6
100000 1416 5
100000 1416 6
100000 1418 5
100000 1418 6
100000 1420 4
100000 1420 5
100000 1422 4
100000 1422 5
100000 1424 4
100000 1424 5
100000 1426 3
100000 1426 4
100000 1428 3
100000 1428 4
100000 1430 3
100000 1430 4
100000 1432 2
100000 1432 3
100000 1434 2
100000 1434 3
100000 1436 2
100000 1436 3
100000 1438 1
100000 1438 2
100000 1440 1
100000 1440 2
100000 1442 0
100000 1442 1
100000 1443 1
100000 1443 2
100000 1445 0
100000 1445 1
100000 1447 0
100000 1447 1
100000 1449 0
100000 1449 1
100000 1451 9
100000 1451 10
100000 1453 9
100000 1453 10
100000 1455 10
100000 1455 11
100000 1457 8
100000 1457 9
100000 1458 9
100000 1458 10
100000 1460 10
100000 1460 11
100000 1462 10
100000 1462 11
100000 1464 11
100000 1464 12
100000 1466 8
100000 1466 9
100000 1468 8
100000 1468 9
100000 1469 7
100000 1469 8
100000 1471 7
100000 1471 8
100000 1473 7
100000 1473 8
100000 1475 7
100000 1475 8
100000 1477 6
100000 1477 7
100000 1479 6
100000 1479 7
100000 1481 6
100000 1481 7
100000 1483 5
100000 1483 6
100000 1485 5
100000 1485 6
100000 1487 5
100000 1487 6
100000 1489 4
100000 1489 5
100000 1491 4
100000 1491 5
100000 1493 4
100000 1493 5
100000 1495 3
100000 1495 4
100000 1497 3
100000 1497 4
100000 1499 3
100000 1499 4
100000 1501 2
100000 1501 3
100000 1503 2
100000 1503 3
100000 1505 2
100000 1505 3
100000 1507 1
100000 1507 2
100000 1509 1
100000 1509 2
100000 1511 0
100000 1511 1
100000 1512 1
100000 1512 2
100000 1514 9
100000 1514 10
100000 1515 10
100000 1515 11
100000 1517 11
100000 1517 12
100000 1519 11
100000 1519 12
100000 1521 12
100000 1521 13
100000 1523 9
100000 1523 10
100000 1525 9
100000 1525 10
100000 1527 10
100000 1527 11
100000 1528 11
100000 1528 12
100000 1530 10
100000 1530 11
100000 1532 10
100000 1532 11
100000 1534 12
100000 1534 13
100000 1536 12
100000 1536 13
100000 1538 11
100000 1538 12
100000 1540 13
100000 1540 14
100000 1541 12
100000 1541 13
100000 1543 11
100000 1543 12
100000 1545 11
100000 1545 12
100000 1547 13
100000 1547 14
100000 1549 13
100000 1549 14
100000 1551 12
100000 1551 13
100000 1553 13
100000 1553 14
100000 1555 12
100000 1555 13
100000 1557 12
100000 1557 13
100000 1559 13
100000 1559 14
100000 1561 13
100000 1561 14
100000 1563 13
100000 1563 14
100000 1564 8
100000 1564 9
100000 1566 8
100000 1566 9
100000 1568 8
100000 1568 9
100000 1570 8
100000 1570 9
100000 1572 7
100000 1572 8
100000 1574 7
100000 1574 8
100000 1576 7
100000 1576 8
100000 1578 6
100000 1578 7
100000 1580 6
100000 1580 7
100000 1582 6
100000 1582 7
100000 1584 5
100000 1584 6
100000 1586 5
100000 1586 6
100000 1588 5
100000 1588 6
100000 1590 4
100000 1590 5
100000 1592 4
100000 1592 5
100000 1594 4
100000 1594 5
100000 1596 3
100000 1596 4
100000 1598 3
100000 1598 4
100000 1600 3
100000 1600 4
100000 1602 2
100000 1602 3
100000 1604 2
100000 1604 3
100000 1606 2
100000 1606 3
100000 1608 1
100000 1608 2
100000 1610 1
100000 1610 2
100000 1612 0
100000 1612 1
100000 1613 1
100000 1613 2
100000 1615 0
100000 1615 1
100000 1617 0
100000 1617 1
100000 1619 0
100000 1619 1
100000 1621 9
100000 1621 10
100000 1623 9
100000 1623 10
100000 1625 9
100000 1625 10
100000 1627 9
100000 1627 10
100000 1629 10
100000 1629 11
100000 1631 10
100000 1631 11
100000 1633 10
100000 1633 11
100000 1635 10
100000 1635 11
100000 1637 11
100000 1637 12
100000 1639 11
100000 1639 12
100000 1641 11
100000 1641 12
100000 1643 11
100000 1643 12
100000 1645 12
100000 1645 13
100000 1647 12
100000 1647 13
100000 1649 12
100000 1649 13
100000 1651 12
100000 1651 13
100000 1653 13
100000 1653 14
100000 1654 8
100000 1654 9
100000 1656 8
100000 1656 9
100000 1658 8
100000 1658 9
100000 1660 7
100000 1660 8
100000 1662 7
100000 1662 8
100000 1664 7
100000 1664 8
100000 1666 6
100000 1666 7
100000 1668 6
100000 1668 7
100000 1670 6
100000 1670 7
100000 1672 5
100000 1672 6
100000 1674 5
100000 1674 6
100000 1676 5
100000 1676 6
100000 1678 4
100000 1678 5
100000 1680 4
100000 1680 5
100000 1682 4
100000 1682 5
100000 1684 3
100000 1684 4
100000 1686 3
100000 1686 4
100000 1688 3
100000 1688 4
100000 1690 2
100000 1690 3
100000 1692 2
100000 1692 3
100000 1694 2
100000 1694 3
100000 1696 1
100000 1696 2
100000 1698 1
100000 1698 2
100000 1700 0
100000 1700 1
100000 1701 1
100000 1701 2
100000 1703 9
100000 1703 10
100000 1705 9
100000 1705 10
100000 1707 9
100000 1707 10
100000 1709 10
100000 1709 11
100000 1711 10
100000 1711 11
100000 1713 10
100000 1713 11
100000 1715 11
100000 1715 12
100000 1717 11
100000 1717 12
100000 1719 11
100000 1719 12
100000 1721 12
100000 1721 13
100000 1723 12
100000 1723 13
100000 1725 12
100000 1725 13
100000 1727 13
100000 1727 14
100000 1729 13
100000 1729 14
100000 1731 13
100000 1731 14
100000 1733 8
100000 1733 9
100000 1735 8
100000 1735 9
100000 1737 8
100000 1737 9
100000 1739 7
100000 1739 8
100000 1741 7
100000 1741 8
100000 1743 7
100000 1743 8
100000 1745 6
100000 1745 7
100000 1747 6
100000 1747 7
100000 1749 6
100000 1749 7
100000 1751 5
100000 1751 6
100000 1753 5
100000 1753 6
100000 1755 5
100000 1755 6
100000 1757 4
100000 1757 5
100000 1759 4
100000 1759 5
100000 1761 4
100000 1761 5
100000 1763 3
100000 1763 4
100000 1765 3
100000 1765 4
100000 1767 3
100000 1767 4
100000 1769 2
100000 1769 3
100000 1771 2
100000 1771 3
100000 1773 2
100000 1773 3
100000 1775 1
100000 1775 2
100000 1777 1
100000 1777 2
100000 1779 0
100000 1779 1
100000 1780 1
100000 1780 2
100000 1782 0
100000 1782 1
100000 1784 0
100000 1784 1
100000 1786 0
100000 1786 1
100000 1788 9
100000 1788 10
100000 1790 9
100000 1790 10
100000 1792 9
100000 1792 10
100000 1794 10
100000 1794 11
100000 1796 10
100000 1796 11
100000 1798 10
100000 1798 11
100000 1800 10
100000 1800 11
100000 1802 11
100000 1802 12
100000 1804 11
100000 1804 12
100000 1806 11
100000 1806 12
100000 1808 12
100000 1808 13
100000 1810 12
100000 1810 13
100000 1812 13
100000 1812 14
100000 1813 12
100000 1813 13
100000 1815 8
100000 1815 9
100000 1817 8
100000 1817 9
100000 1819 8
100000 1819 9
100000 1821 7
100000 1821 8
100000 1823 7
100000 1823 8
100000 1825 7
100000 1825 8
100000 1827 6
100000 1827 7
100000 1829 6
100000 1829 7
100000 1831 6
100000 1831 7
100000 1833 5
100000 1833 6
100000 1835 5
100000 1835 6
100000 1837 5
100000 1837 6
100000 1839 4
100000 1839 5
100000 1841 4
100000 1841 5
100000 1843 4
100000 1843 5
100000 1845 3
100000 1845 4
100000 1847 3
100000 1847 4
100000 1849 3
100000 1849 4
100000 1851 2
100000 1851 3
100000 1853 2
100000 1853 3
100000 1855 2
100000 1855 3
100000 1856 1
100000 1856 2
100000 1858 1
100000 1858 2
100000 1860 1
100000 1860 2
100000 1862 0
100000 1862 1
100000 1863 1
100000 1863 2
100000 1865 9
100000 1865 10
100000 1867 9
100000 1867 10
100000 1869 8
100000 1869 9
100000 1870 9
100000 1870 10
100000 1872 10
100000 1872 11
100000 1874 10
100000 1874 11
100000 1876 10
100000 1876 11
100000 1878 11
100000 1878 12
100000 1880 11
100000 1880 12
100000 1882 11
100000 1882 12
100000 1884 12
100000 1884 13
100000 1886 12
100000 1886 13
100000 1888 12
100000 1888 13
100000 1890 13
100000 1890 14
100000 1892 13
100000 1892 14
100000 1894 13
100000 1894 14
100000 1896 8
100000 1896 9
100000 1898 8
100000 1898 9
100000 1900 8
100000 1900 9
100000 1902 7
100000 1902 8
100000 1904 7
100000 1904 8
100000 1906 6
100000 1906 7
100000 1908 7
100000 1908 8
100000 1910 6
100000 1910 7
100000 1912 6
100000 1912 7
100000 1914 6
100000 1914 7
100000 1916 5
100000 1916 6
100000 1918 5
100000 1918 6
100000 1920 4
100000 1920 5
100000 1922 5
100000 1922 6
100000 1924 4
100000 1924 5
100000 1926 4
100000 1926 5
100000 1928 4
100000 1928 5
100000 1930 3
100000 1930 4
100000 1932 3
100000 1932 4
100000 1934 2
100000 1934 3
100000 1936 3
100000 1936 4
100000 1938 2
100000 1938 3
100000 1940 2
100000 1940 3
100000 1942 2
100000 1942 3
100000 1944 1
100000 1944 2
100000 1946 1
100000 1946 2
100000 1948 0
100000 1948 1
100000 1949 1
100000 1949 2
100000 1951 0
100000 1951 1
100000 1953 0
100000 1953 1
100000 1955 0
100000 1955 1
100000 1957 9
100000 1957 10
100000 1959 9
100000 1959 10
100000 1961 9
100000 1961 10
100000 1963 10
100000 1963 11
100000 1965 10
100000 1965 11
100000 1967 10
100000 1967 11
100000 1969 11
100000 1969 12
100000 1971 11
100000 1971 12
100000 1973 11
100000 1973 12
100000 1975 12
100000 1975 13
100000 1977 12
100000 1977 13
100000 1979 13
100000 1979 14
100000 1980 12
100000 1980 13
100000 1982 8
100000 1982 9
100000 1984 8
100000 1984 9
100000 1986 8
100000 1986 9
100000 1988 7
100000 1988 8
100000 1990 7
100000 1990 8
100000 1992 7
100000 1992 8
100000 1994 6
100000 1994 7
100000 1996 6
100000 1996 7
100000 1998 6
100000 1998 7
100000 2000 5
100000 2000 6
100000 2002 5
100000 2002 6
100000 2004 5
100000 2004 6
100000 2006 4
100000 2006 5
100000 2008 4
100000 2008 5
100000 2010 4
100000 2010 5
100000 2012 3
100000 2012 4
100000 2014 3
100000 2014 4
100000 2016 3
100000 2016 4
100000 2018 2
100000 2018 3
100000 2020 2
100000 2020 3
100000 2022 2
100000 2022 3
100000 2024 1
100000 2024 2
100000 2026 1
100000 2026 2
100000 2028 1
100000 2028 2
100000 2030 0
100000 2030 1
100000 2032 0
100000 2032 1
100000 2034 0
100000 2034 1
100000 2036 9
100000 2036 10
100000 2038 9
100000 2038 10
100000 2040 9
100000 2040 10
100000 2042 10
100000 2042 11
100000 2044 10
100000 2044 11
100000 2046 10
100000 2046 11
100000 2048 11
100000 2048 12
100000 2050 11
100000 2050 12
100000 2052 11
100000 2052 12
100000 2054 12
100000 2054 13
100000 2056 12
100000 2056 13
100000 2058 12
100000 2058 13
100000 2060 13
100000 2060 14
100000 2062 13
100000 2062 14
100000 2064 13
100000 2064 14
100000 2066 8
100000 2066 9
100000 2068 8
100000 2068 9
100000 2070 8
100000 2070 9
100000 2072 7
100000 2072 8
100000 2074 7
100000 2074 8
100000 2076 7
100000 2076 8
100000 2078 6
100000 2078 7
100000 2080 6
100000 2080 7
100000 2082 6
100000 2082 7
100000 2084 5
100000 2084 6
100000 2086 5
100000 2086 6
100000 2088 5
100000 2088 6
100000 2090 4
100000 2090 5
100000 2092 4
100000 2092 5
100000 2094 4
100000 2094 5
100000 2096 3
100000 2096 4
100000 2098 3
100000 2098 4
100000 2100 3
100000 2100 4
100000 2102 2
100000 2102 3
100000 2104 2
100000 2104 3
100000 2106 2
100000 2106 3
100000 2108 1
100000 2108 2
100000 2110 1
100000 2110 2
100000 2112 1
100000 2112 2
100000 2114 9
100000 2114 10
100000 2116 9
100000 2116 10
100000 2118 9
100000 2118 10
100000 2120 10
100000 2120 11
100000 2122 10
100000 2122 11
100000 2124 10
100000 2124 11
100000 2126 11
100000 2126 12
100000 2128 11
100000 2128 12
100000 2130 11
100000 2130 12
100000 2132 12
100000 2132 13
100000 2134 12
100000 2134 13
100000 2136 13
100000 2136 14
100000 2137 12
100000 2137 13
100000 2139 8
100000 2139 9
100000 2141 8
100000 2141 9
100000 2143 8
100000 2143 9
100000 2145 7
100000 2145 8
100000 2147 7
100000 2147 8
100000 2149 7
100000 2149 8
100000 2151 6
100000 2151 7
100000 2153 6
100000 2153 7
100000 2155 6
100000 2155 7
100000 2157 5
100000 2157 6
100000 2159 5
100000 2159 6
100000 2161 5
100000 2161 6
100000 2163 4
100000 2163 5
100000 2165 4
100000 2165 5
100000 2167 4
100000 2167 5
100000 2169 3
100000 2169 4
100000 2171 3
100000 2171 4
100000 2173 3
100000 2173 4
100000 2175 2
100000 2175 3
100000 2177 2
100000 2177 3
100000 2179 2
100000 2179 3
100000 2181 9
100000 2181 10
100000 2183 9
100000 2183 10
100000 2185 9
100000 2185 10
100000 2187 10
100000 2187 11
100000 2189 10
100000 2189 11
100000 2191 10
100000 2191 11
100000 2193 11
100000 2193 12
100000 2195 11
100000 2195 12
100000 2197 11
100000 2197 12
100000 2199 12
100000 2199 13
100000 2201 12
100000 2201 13
100000 2203 12
100000 2203 13
100000 2205 13
100000 2205 14
100000 2207 13
100000 2207 14
100000 2209 13
100000 2209 14
100000 2211 8
100000 2211 9
100000 2213 8
100000 2213 9
100000 2215 8
100000 2215 9
100000 2217 7
100000 2217 8
100000 2219 7
100000 2219 8
100000 2221 7
100000 2221 8
100000 2223 6
100000 2223 7
100000 2225 6
100000 2225 7
100000 2227 6
100000 2227 7
100000 2229 5
100000 2229 6
100000 2231 5
100000 2231 6
100000 2233 5
100000 2233 6
100000 2235 4
100000 2235 5
100000 2237 4
100000 2237 5
100000 2239 4
100000 2239 5
100000 2241 3
100000 2241 4
100000 2243 3
100000 2243 4
100000 2245 3
100000 2245 4
100000 2247 9
100000 2247 10
100000 2249 9
100000 2249 10
100000 2251 9
100000 2251 10
100000 2253 10
100000 2253 11
100000 2255 10
100000 2255 11
100000 2257 10
100000 2257 11
100000 2259 11
100000 2259 12
100000 2261 11
100000 2261 12
100000 2263 11
100000 2263 12
100000 2265 12
100000 2265 13
100000 2267 12
100000 2267 13
100000 2269 13
100000 2269 14
100000 2270 12
100000 2270 13
100000 2272 8
100000 2272 9
100000 2274 8
100000 2274 9
100000 2276 8
100000 2276 9
100000 2278 7
100000 2278 8
100000 2280 7
100000 2280 8
100000 2282 7
100000 2282 8
100000 2284 6
100000 2284 7
100000 2286 6
100000 2286 7
100000 2288 6
100000 2288 7
100000 2290 5
100000 2290 6
100000 2292 5
100000 2292 6
100000 2294 5
100000 2294 6
100000 2296 4
100000 2296 5
100000 2298 4
100000 2298 5
100000 2300 4
100000 2300 5
100000 2302 9
100000 2302 10
100000 2304 9
100000 2304 10
100000 2306 9
100000 2306 10
100000 2308 10
100000 2308 11
100000 2310 10
100000 2310 11
100000 2312 10
100000 2312 11
100000 2314 11
100000 2314 12
100000 2316 11
100000 2316 12
100000 2318 11
100000 2318 12
100000 2320 12
100000 2320 13
100000 2322 12
100000 2322 13
100000 2324 12
100000 2324 13
100000 2326 13
100000 2326 14
100000 2328 13
100000 2328 14
100000 2330 13
100000 2330 14
100000 2332 8
100000 2332 9
100000 2334 8
100000 2334 9
100000 2336 8
100000 2336 9
100000 2338 7
100000 2338 8
100000 2340 7
100000 2340 8
100000 2342 7
100000 2342 8
100000 2344 6
100000 2344 7
100000 2346 6
100000 2346 7
100000 2348 6
100000 2348 7
100000 2350 5
100000 2350 6
100000 2352 5
100000 2352 6
100000 2354 5
100000 2354 6
100000 2356 9
100000 2356 10
100000 2358 9
100000 2358 10
100000 2360 9
100000 2360 10
100000 2362 10
100000 2362 11
100000 2364 10
100000 2364 11
100000 2366 10
100000 2366 11
100000 2368 11
100000 2368 12
100000 2370 11
100000 2370 12
100000 2372 11
100000 2372 12
100000 2374 12
100000 2374 13
100000 2376 12
100000 2376 13
100000 2378 13
100000 2378 14
100000 2379 12
100000 2379 13
100000 2381 8
100000 2381 9
100000 2383 8
100000 2383 9
100000 2385 8
100000 2385 9
100000 2387 7
100000 2387 8
100000 2389 7
100000 2389 8
100000 2391 7
100000 2391 8
100000 2393 6
100000 2393 7
100000 2395 6
100000 2395 7
100000 2397 6
100000 2397 7
100000 2399 9
100000 2399 10
100000 2401 9
100000 2401 10
100000 2403 9
100000 2403 10
100000 2405 10
100000 2405 11
100000 2407 10
100000 2407 11
100000 2409 10
100000 2409 11
100000 2411 11
100000 2411 12
100000 2413 11
100000 2413 12
100000 2415 11
100000 2415 12
100000 2417 12
100000 2417 13
100000 2419 12
100000 2419 13
100000 2421 12
100000 2421 13
100000 2423 13
100000 2423 14
100000 2425 13
100000 2425 14
100000 2427 13
100000 2427 14
100000 2429 8
100000 2429 9
100000 2431 8
100000 2431 9
100000 2433 8
100000 2433 9
100000 2435 7
100000 2435 8
100000 2437 7
100000 2437 8
100000 2439 7
100000 2439 8
100000 2441 9
100000 2441 10
100000 2443 9
100000 2443 10
100000 2445 9
100000 2445 10
100000 2447 10
100000 2447 11
100000 2449 10
100000 2449 11
100000 2451 10
100000 2451 11
100000 2453 11
100000 2453 12
100000 2455 11
100000 2455 12
100000 2457 11
100000 2457 12
100000 2459 12
100000 2459 13
100000 2461 12
100000 2461 13
100000 2463 13
100000 2463 14
100000 2464 12
100000 2464 13
100000 2466 8
100000 2466 9
100000 2468 8
100000 2468 9
100000 2470 8
100000 2470 9
100000 2472 9
100000 2472 10
100000 2474 9
100000 2474 10
100000 2476 9
100000 2476 10
100000 2478 10
100000 2478 11
100000 2480 10
100000 2480 11
100000 2482 10
100000 2482 11
100000 2484 11
100000 2484 12
100000 2486 11
100000 2486 12
100000 2488 11
100000 2488 12
100000 2490 12
100000 2490 13
100000 2492 12
100000 2492 13
100000 2494 13
100000 2494 14
100000 2495 12
100000 2495 13
