42 38
00000000000000000001001110001000000000000000000000010011100010000000000000000000000000000000000000000000000000000000000000000000 0 0
00000000000000000001001110001000000000000000000000000000000000000000000000000000000000000000000000000000000000000001001110001000 2 0
00000000000000000000000000000000000000000000000000000000000000000000000000000000000100111000100000000000000000000001001110001000 4 0
00000000000000000000000000000000000000000000000000000000000000000000000000000000001001110001000000000000000000000001001110001000 6 0
00000000000000000000000000000000000000000000000000000000000000000000000000000000000100111000100000000000000000000001001110001000 8 1
00000000000000000000000000000000000000000000000000000000000000000000000000000000000100111000100000000000000000000001001110001000 10 2
00000000000000000000000000000000000000000000000000000000000000000000000000000000001001110001000000000000000000000001001110001000 12 2
00000000000000000000000000000000000000000000000000000000000000000000000000000000000100111000100000000000000000000000000000000000 12 4
00000000000000000000000000000000000000000000000000000000000000000000000000000000000000000000000000000000000000000001001110001000 14 2
00000000000000000000000000000000000000000000000000000000000000000000000000000000000100111000100000000000000000000001001110001000 16 3
00000000000000000000000000000000000000000000000000000000000000000000000000000000000100111000100000000000000000000001001110001000 18 3
00000000000000000000000000000000000000000000000000000000000000000000000000000000000000000000000000000000000000000010011100010000 20 2
00000000000000000000000000000000000000000000000000000000000000001000000000000000000100111000100000000000000000000001001110001000 20 4
00000000000000000000000000000000000000000000000000000000000000000000000000000000000100111000100000000000000000000001001110001000 22 4
00000000000000000000000000000000000000000000000000000000000000000000000000000000000100111000100000000000000000000001001110001000 24 4
00000000000000000000000000000000000000000000000000000000000000001000000000000000000100111000100000000000000000000001001110001000 26 5
00000000000000000000000000000000000000000000000000000000000000001000000000000000000100111000100000000000000000000001001110001000 28 5
00000000000000000000000000000000000000000000000000000000000000000000000000000000000100111000100000000000000000000001001110001000 30 5
00000000000000000000000000000000000000000000000000000000000000000000000000000000000100111000100000000000000000000000000000000000 32 6
00000000000000000000000000000000000000000000000000000000000000000000000000000000000100111000100000000000000000000001001110001000 34 6
00000000000000000000000000000000000000000000000000000000000000000000000000000000000100111000100000000000000000000001001110001000 36 7
00000000000000000000000000000000000000000000000000000000000000000000000000000000000000000000000000000000000000000001001110001000 38 6
00000000000000000000000000000000000000000000000000000000000000000000000000000000000100111000100000000000000000000001001110001000 40 7
00000000000000000000000000000000000000000000000000000000000000000000000000000000000100111000100000000000000000000001001110001000 42 7
00000000000000000000000000000000000000000000000000000000000000000000000000000000000100111000100000000000000000000000000000000000 44 8
00000000000000000000000000000000000000000000000000000000000000000000000000000000000100111000100010000000000000000001001110001000 46 8
00000000000000000000000000000000000000000000000000000000000000000000000000000000000100111000100000000000000000000001001110001000 48 9
00000000000000000000000000000000000000000000000000000000000000000000000000000000000100111000100000000000000000000001001110001000 50 9
00000000000000000000000000000000000000000000000000000000000000000000000000000000000100111000100000000000000000000001001110001000 52 9
00000000000000000000000000000000000000000000000000000000000000000000000000000000000100111000100000000000000000000000000000000000 54 10
00000000000000000000000000000000000000000000000000000000000000000000000000000000000100111000100000000000000000000001001110001000 56 10
00000000000000000000000000000000000000000000000000000000000000000000000000000000001001110001000000000000000000000001001110001000 58 10
00000000000000000000000000000000000000000000000000000000000000000000000000000000000100111000100000000000000000000000000000000000 58 12
00000000000000000000000000000000000000000000000000000000000000000000000000000000000000000000000000000000000000000001001110001000 60 10
00000000000000000000000000000000000000000000000000000000000000000000000000000000000100111000100000000000000000000001001110001000 62 11
00000000000000000000000000000000000000000000000000000000000000000000000000000000000100111000100000000000000000000001001110001000 64 11
00000000000000000000000000000000000000000000000000000000000000000000000000000000000000000000000000000000000000000010011100010000 66 10
00000000000000000000000000000000000000000000000000000000000000001000000000000000000100111000100000000000000000000001001110001000 66 12
00000000000000000000000000000000000000000000000000000000000000001000000000000000000100111000100000000000000000000001001110001000 68 12
00000000000000000000000000000000000000000000000000000000000000000000000000000000000100111000100000000000000000000001001110001000 70 12
00000000000000000000000000000000000000000000000000000000000000000000000000000000000100111000100000000000000000000000000000000000 70 14
00000000000000000001001110001000000000000000000000010011100010000000000000000000000000000000000000000000000000000000000000000000 74 13
00000000000000000000000000000000000000000000000000000000000000000000000000000001100001101010000000000000000000011000011010100000 0 0
00000000000000011000011010100000000000000000000110000110101000000000000000000000000000000000000000000000000000000000000000000000 2 1
00000000000000011000011010100000000000000000000110000110101000000000000000000000000000000000000000000000000000000000000000000000 4 0
00000000000000011000011010100000000000000000000110000110101000000000000000000000000000000000000000000000000000000000000000000000 6 0
00000000000000011000011010100000000000000000000110000110101000000000000000000000000000000000000000000000000000000000000000000000 8 1
00000000000000011000011010100000000000000000000110000110101000000000000000000000000000000000000000000000000000000000000000000000 10 2
00000000000000011000011010100000000000000000000110000110101000000000000000000000000000000000000000000000000000000000000000000000 12 2
00000000000000011000011010100000000000000000000110000110101000000000000000000000000000000000000000000000000000000000000000000000 14 3
00000000000000011000011010100000000000000000000110000110101000000000000000000000000000000000000000000000000000000000000000000000 16 3
00000000000000011000011010100000000000000000000110000110101000000000000000000000000000000000000000000000000000000000000000000000 18 3
00000000000000011000011010100000000000000000000110000110101000000000000000000000000000000000000000000000000000000000000000000000 20 3
00000000000000011000011010100000000000000000000110000110101000000000000000000000000000000000000000000000000000000000000000000000 22 4
00000000000000011000011010100000000000000000000110000110101000000000000000000000000000000000000000000000000000000000000000000000 24 4
00000000000000011000011010100000000000000000000110000110101000000000000000000000000000000000000000000000000000000000000000000000 26 4
00000000000000011000011010100000000000000000000110000110101000000000000000000000000000000000000000000000000000000000000000000000 28 5
00000000000000011000011010100000000000000000000110000110101000000000000000000000000000000000000000000000000000000000000000000000 30 5
00000000000000011000011010100000000000000000000110000110101000000000000000000000000000000000000000000000000000000000000000000000 32 5
00000000000000011000011010100000000000000000000110000110101000000000000000000000000000000000000000000000000000000000000000000000 34 6
00000000000000011000011010100000000000000000000110000110101000000000000000000000000000000000000000000000000000000000000000000000 36 6
00000000000000011000011010100000000000000000000110000110101000000000000000000000000000000000000000000000000000000000000000000000 38 7
00000000000000011000011010100000000000000000000110000110101000000000000000000000000000000000000000000000000000000000000000000000 40 7
00000000000000011000011010100000000000000000000110000110101000000000000000000000000000000000000000000000000000000000000000000000 42 7
00000000000000011000011010100000000000000000000110000110101000000000000000000000000000000000000000000000000000000000000000000000 44 7
00000000000000011000011010100000000000000000000110000110101000000000000000000000000000000000000000000000000000000000000000000000 46 8
00000000000000011000011010100000000000000000000110000110101000000000000000000000000000000000000000000000000000000000000000000000 48 8
00000000000000011000011010100000000000000000000110000110101000000000000000000000000000000000000000000000000000000000000000000000 50 9
00000000000000011000011010100000000000000000000110000110101000000000000000000000000000000000000000000000000000000000000000000000 52 9
00000000000000011000011010100000000000000000000110000110101000000000000000000000000000000000000000000000000000000000000000000000 54 9
00000000000000011000011010100000000000000000000110000110101000000000000000000000000000000000000000000000000000000000000000000000 56 10
00000000000000011000011010100000000000000000000110000110101000000000000000000000000000000000000000000000000000000000000000000000 58 10
00000000000000011000011010100000000000000000000110000110101000000000000000000000000000000000000000000000000000000000000000000000 60 11
00000000000000011000011010100000000000000000000110000110101000000000000000000000000000000000000000000000000000000000000000000000 62 11
00000000000000011000011010100000000000000000000110000110101000000000000000000000000000000000000000000000000000000000000000000000 64 11
00000000000000011000011010100000000000000000000110000110101000000000000000000000000000000000000000000000000000000000000000000000 66 11
00000000000000011000011010100000000000000000000110000110101000000000000000000000000000000000000000000000000000000000000000000000 68 12
00000000000000011000011010100000000000000000000110000110101000000000000000000000000000000000000000000000000000000000000000000000 70 12
00000000000000000000000000000000000000000000000110000110101000000000000000000001100001101010000000000000000000011000011010100000 72 12
00000000000000011000011010100000000000000000000000000000000000000000000000000000000000000000000000000000000000000000000000000000 72 14
