80 60
00000000000000000001001110001000000000000000000000010011100010000000000000000000000000000000000000000000000000000000000000000000 0 0
00000000000000000001001110001000000000000000000000010011100010000000000000000000000000000000000000000000000000000000000000000000 0 2
00000000000000000001001110001000000000000000000000010011100010000000000000000000000000000000000000000000000000000000000000000000 0 4
00000000000000000001001110001000000000000000000000010011100010000000000000000000000000000000000000000000000000000000000000000000 0 6
00000000000000000001001110001000000000000000000000010011100010000000000000000000000000000000000000000000000000000000000000000000 0 8
00000000000000000001001110001000000000000000000000010011100010000000000000000000000000000000000000000000000000000000000000000000 0 10
00000000000000000001001110001000000000000000000000010011100010000000000000000000000000000000000000000000000000000000000000000000 0 12
00000000000000000001001110001000000000000000000000010011100010000000000000000000000000000000000000000000000000000000000000000000 0 14
00000000000000000000000000000000100000000000000000010011100010000000000000000000000000000000000000000000000000000000000000000000 2 14
00000000000000000000000000000000000000000000000000010011100010000000000000000000000000000000000000000000000000000000000000000000 2 16
00000000000000000001001110001000000000000000000000000000000000000000000000000000000000000000000000000000000000000000000000000000 4 16
00000000000000000001001110001000000000000000000000010011100010000000000000000000000000000000000000000000000000000000000000000000 6 15
00000000000000000000000000000000000000000000000000010011100010000000000000000000000000000000000000000000000000000000000000000000 8 14
10000000000000000001001110001000100000000000000000010011100010000000000000000000000000000000000000000000000000000000000000000000 10 14
00000000000000000001001110001000000000000000000000010011100010000000000000000000000000000000000000000000000000000000000000000000 12 14
00000000000000000001001110001000000000000000000000000000000000000000000000000000000000000000000000000000000000000000000000000000 14 14
10000000000000000001001110001000100000000000000000010011100010000000000000000000000000000000000000000000000000000000000000000000 16 13
00000000000000000001001110001000000000000000000000010011100010000000000000000000000000000000000000000000000000000000000000000000 18 13
00000000000000000000000000000000000000000000000000010011100010000000000000000000000000000000000000000000000000000000000000000000 20 12
00000000000000000001001110001000000000000000000000010011100010000000000000000000000000000000000000000000000000000000000000000000 22 12
00000000000000000001001110001000000000000000000000010011100010000000000000000000000000000000000000000000000000000000000000000000 24 12
00000000000000000001001110001000000000000000000000000000000000000000000000000000000000000000000000000000000000000000000000000000 26 12
00000000000000000000000000000000100000000000000000010011100010000000000000000000000000000000000000000000000000000000000000000000 28 10
00000000000000000000000000000000000000000000000000010011100010000000000000000000000000000000000000000000000000000000000000000000 28 12
00000000000000000001001110001000000000000000000000000000000000000000000000000000000000000000000000000000000000000000000000000000 30 12
00000000000000000001001110001000000000000000000000010011100010000000000000000000000000000000000000000000000000000000000000000000 32 11
00000000000000000000000000000000000000000000000000010011100010000000000000000000000000000000000000000000000000000000000000000000 34 10
00000000000000000001001110001000000000000000000000010011100010000000000000000000000000000000000000000000000000000000000000000000 36 10
00000000000000000001001110001000000000000000000000010011100010000000000000000000000000000000000000000000000000000000000000000000 38 10
00000000000000000001001110001000000000000000000000000000000000000000000000000000000000000000000000000000000000000001001110001000 40 10
00000000000000000000000000000000000000000000000000000000000000000000000000000000000000000000000010000000000000000001001110001000 42 8
00000000000000000000000000000000000000000000000000000000000000000000000000000000000100111000100000000000000000000001001110001000 42 10
00000000000000000000000000000000000000000000000000000000000000000000000000000000000100111000100000000000000000000001001110001000 42 12
00000000000000000000000000000000000000000000000000000000000000000000000000000000000100111000100000000000000000000001001110001000 42 14
00000000000000000000000000000000000000000000000000000000000000000000000000000000000100111000100000000000000000000001001110001000 42 16
00000000000000000000000000000000000000000000000000000000000000000000000000000000000100111000100000000000000000000001001110001000 44 9
00000000000000000000000000000000000000000000000000000000000000000000000000000000000100111000100000000000000000000001001110001000 46 9
00000000000000000000000000000000000000000000000000000000000000000000000000000000000100111000100000000000000000000001001110001000 48 8
00000000000000000000000000000000000000000000000000000000000000000000000000000000000100111000100000000000000000000001001110001000 50 8
00000000000000000000000000000000000000000000000000000000000000000000000000000000000100111000100000000000000000000000000000000000 52 8
00000000000000000000000000000000000000000000000000000000000000001000000000000000000100111000100010000000000000000001001110001000 54 7
00000000000000000000000000000000000000000000000000000000000000000000000000000000000100111000100000000000000000000001001110001000 56 7
00000000000000000000000000000000000000000000000000000000000000000000000000000000000000000000000000000000000000000001001110001000 58 6
00000000000000000000000000000000000000000000000000000000000000001000000000000000000100111000100000000000000000000001001110001000 60 6
00000000000000000000000000000000000000000000000000000000000000000000000000000000000100111000100000000000000000000001001110001000 62 6
00000000000000000000000000000000000000000000000000000000000000000000000000000000000100111000100000000000000000000000000000000000 64 6
00000000000000000000000000000000000000000000000000000000000000001000000000000000000100111000100000000000000000000001001110001000 66 5
00000000000000000000000000000000000000000000000000000000000000000000000000000000000100111000100000000000000000000001001110001000 68 5
00000000000000000000000000000000000000000000000000000000000000000000000000000000000000000000000000000000000000000001001110001000 70 4
00000000000000000000000000000000000000000000000000000000000000001000000000000000000100111000100000000000000000000000000000000000 72 4
00000000000000000000000000000000000000000000000000000000000000000000000000000000000100111000100000000000000000000001001110001000 72 6
00000000000000000000000000000000000000000000000000000000000000000000000000000000000100111000100000000000000000000000000000000000 72 8
00000000000000000000000000000000000000000000000000000000000000000000000000000000000100111000100000000000000000000001001110001000 74 8
00000000000000000000000000000000000000000000000000000000000000000000000000000000000100111000100000000000000000000001001110001000 76 8
00000000000000000000000000000000000000000000000000000000000000000000000000000000000100111000100000000000000000000000000000000000 78 8
00000000000000000000000000000000000000000000000000000000000000000000000000000000000100111000100000000000000000000001001110001000 80 7
00000000000000000000000000000000000000000000000000000000000000000000000000000000000100111000100000000000000000000001001110001000 82 7
00000000000000000000000000000000000000000000000000000000000000000000000000000000000000000000000000000000000000000001001110001000 84 6
00000000000000000000000000000000000000000000000000000000000000000000000000000000000100111000100000000000000000000001001110001000 86 6
00000000000000000000000000000000000000000000000000000000000000000000000000000000000100111000100000000000000000000000000000000000 88 6
00000000000000000000000000000000000000000000000000000000000000000000000000000000000000000000000000000000000000000001001110001000 90 4
00000000000000000000000000000000000000000000000000000000000000000000000000000000000100111000100000000000000000000001001110001000 92 4
00000000000000000000000000000000000000000000000000000000000000000000000000000000000100111000100000000000000000000000000000000000 94 4
00000000000000000000000000000000000000000000000000000000000000001000000000000000000100111000100010000000000000000001001110001000 96 3
00000000000000000000000000000000000000000000000000000000000000000000000000000000000100111000100000000000000000000001001110001000 98 3
00000000000000000000000000000000000000000000000000000000000000000000000000000000000000000000000000000000000000000001001110001000 100 2
00000000000000000000000000000000000000000000000000000000000000001000000000000000000100111000100010000000000000000001001110001000 102 2
00000000000000000000000000000000000000000000000000000000000000000000000000000000000100111000100000000000000000000001001110001000 104 2
00000000000000000000000000000000000000000000000000000000000000000000000000000000000100111000100000000000000000000000000000000000 106 2
00000000000000000000000000000000000000000000000000000000000000000000000000000000000100111000100000000000000000000001001110001000 108 1
00000000000000000000000000000000000000000000000000000000000000000000000000000000000100111000100000000000000000000001001110001000 110 1
00000000000000000000000000000000000000000000000000000000000000000000000000000000000000000000000000000000000000000001001110001000 112 0
00000000000000000000000000000000000000000000000000000000000000000000000000000000000100111000100000000000000000000000000000000000 114 0
00000000000000000000000000000000000000000000000000000000000000000000000000000000000100111000100000000000000000000000000000000000 114 2
00000000000000000000000000000000000000000000000000000000000000000000000000000000000000000000000000000000000000000001001110001000 116 0
00000000000000000000000000000000000000000000000000000000000000000000000000000000000100111000100000000000000000000001001110001000 116 2
00000000000000000000000000000000000000000000000000000000000000000000000000000000000100111000100000000000000000000001001110001000 116 4
00000000000000000000000000000000000000000000000000000000000000000000000000000000000000000000000000000000000000000001001110001000 116 6
00000000000000000000000000000000000000000000000000000000000000000000000000000000000100111000100000000000000000000001001110001000 118 6
00000000000000000000000000000000000000000000000000000000000000000000000000000000000100111000100000000000000000000001001110001000 118 8
00000000000000000000000000000000000000000000000000000000000000000000000000000001100001101010000000000000000000011000011010100000 0 15
00000000000000000000000000000000000000000000000000000000000000000000000000000001100001101010000000000000000000011000011010100000 2 16
00000000000000000000000000000000000000000000000000000000000000000000000000000001100001101010000000000000000000011000011010100000 4 15
00000000000000000000000000000000000000000000000000000000000000000000000000000001100001101010000000000000000000011000011010100000 6 15
00000000000000000000000000000000000000000000000000000000000000000000000000000001100001101010000000000000000000011000011010100000 8 14
00000000000000000000000000000000000000000000000000000000000000000000000000000001100001101010000000000000000000011000011010100000 10 14
00000000000000000000000000000000000000000000000000000000000000000000000000000001100001101010000000000000000000011000011010100000 12 14
00000000000000000000000000000000000000000000000000000000000000000000000000000001100001101010000000000000000000011000011010100000 14 13
00000000000000000000000000000000000000000000000000000000000000000000000000000001100001101010000000000000000000011000011010100000 16 13
00000000000000000000000000000000000000000000000000000000000000000000000000000001100001101010000000000000000000011000011010100000 18 13
00000000000000000000000000000000000000000000000000000000000000000000000000000001100001101010000000000000000000011000011010100000 20 12
00000000000000000000000000000000000000000000000000000000000000000000000000000001100001101010000000000000000000011000011010100000 22 12
00000000000000000000000000000000000000000000000000000000000000000000000000000001100001101010000000000000000000011000011010100000 24 12
00000000000000000000000000000000000000000000000000000000000000000000000000000001100001101010000000000000000000011000011010100000 26 11
00000000000000000000000000000000000000000000000000000000000000000000000000000001100001101010000000000000000000011000011010100000 28 12
00000000000000000000000000000000000000000000000000000000000000000000000000000001100001101010000000000000000000011000011010100000 30 11
00000000000000000000000000000000000000000000000000000000000000000000000000000001100001101010000000000000000000011000011010100000 32 11
00000000000000000000000000000000000000000000000000000000000000000000000000000001100001101010000000000000000000011000011010100000 34 10
00000000000000000000000000000000000000000000000000000000000000000000000000000001100001101010000000000000000000011000011010100000 36 10
00000000000000000000000000000000000000000000000000000000000000000000000000000001100001101010000000000000000000011000011010100000 38 10
00000000000000000000000000000000000000000000000000000000000000000000000000000001100001101010000000000000000000011000011010100000 40 9
00000000000000011000011010100000000000000000000110000110101000000000000000000000000000000000000000000000000000000000000000000000 42 10
00000000000000011000011010100000000000000000000110000110101000000000000000000000000000000000000000000000000000000000000000000000 44 9
00000000000000011000011010100000000000000000000110000110101000000000000000000000000000000000000000000000000000000000000000000000 46 9
00000000000000011000011010100000000000000000000110000110101000000000000000000000000000000000000000000000000000000000000000000000 48 8
00000000000000011000011010100000000000000000000110000110101000000000000000000000000000000000000000000000000000000000000000000000 50 8
00000000000000011000011010100000000000000000000110000110101000000000000000000000000000000000000000000000000000000000000000000000 52 8
00000000000000011000011010100000000000000000000110000110101000000000000000000000000000000000000000000000000000000000000000000000 54 7
00000000000000011000011010100000000000000000000110000110101000000000000000000000000000000000000000000000000000000000000000000000 56 7
00000000000000011000011010100000000000000000000110000110101000000000000000000000000000000000000000000000000000000000000000000000 58 7
00000000000000011000011010100000000000000000000110000110101000000000000000000000000000000000000000000000000000000000000000000000 60 6
00000000000000011000011010100000000000000000000110000110101000000000000000000000000000000000000000000000000000000000000000000000 62 6
00000000000000011000011010100000000000000000000110000110101000000000000000000000000000000000000000000000000000000000000000000000 64 6
00000000000000011000011010100000000000000000000110000110101000000000000000000000000000000000000000000000000000000000000000000000 66 5
00000000000000011000011010100000000000000000000110000110101000000000000000000000000000000000000000000000000000000000000000000000 68 5
00000000000000011000011010100000000000000000000110000110101000000000000000000000000000000000000000000000000000000000000000000000 70 5
00000000000000011000011010100000000000000000000110000110101000000000000000000000000000000000000000000000000000000000000000000000 72 4
00000000000000011000011010100000000000000000000110000110101000000000000000000000000000000000000000000000000000000000000000000000 74 8
00000000000000011000011010100000000000000000000110000110101000000000000000000000000000000000000000000000000000000000000000000000 76 8
00000000000000011000011010100000000000000000000110000110101000000000000000000000000000000000000000000000000000000000000000000000 78 8
00000000000000011000011010100000000000000000000110000110101000000000000000000000000000000000000000000000000000000000000000000000 80 7
00000000000000011000011010100000000000000000000110000110101000000000000000000000000000000000000000000000000000000000000000000000 82 7
00000000000000011000011010100000000000000000000110000110101000000000000000000000000000000000000000000000000000000000000000000000 84 7
00000000000000011000011010100000000000000000000110000110101000000000000000000000000000000000000000000000000000000000000000000000 86 6
00000000000000011000011010100000000000000000000110000110101000000000000000000000000000000000000000000000000000000000000000000000 88 6
00000000000000011000011010100000000000000000000110000110101000000000000000000000000000000000000000000000000000000000000000000000 90 5
00000000000000011000011010100000000000000000000110000110101000000000000000000000000000000000000000000000000000000000000000000000 92 4
00000000000000011000011010100000000000000000000110000110101000000000000000000000000000000000000000000000000000000000000000000000 94 4
00000000000000011000011010100000000000000000000110000110101000000000000000000000000000000000000000000000000000000000000000000000 96 3
00000000000000011000011010100000000000000000000110000110101000000000000000000000000000000000000000000000000000000000000000000000 98 3
00000000000000011000011010100000000000000000000110000110101000000000000000000000000000000000000000000000000000000000000000000000 100 3
00000000000000011000011010100000000000000000000110000110101000000000000000000000000000000000000000000000000000000000000000000000 102 2
00000000000000011000011010100000000000000000000110000110101000000000000000000000000000000000000000000000000000000000000000000000 104 2
00000000000000011000011010100000000000000000000110000110101000000000000000000000000000000000000000000000000000000000000000000000 106 2
00000000000000011000011010100000000000000000000110000110101000000000000000000000000000000000000000000000000000000000000000000000 108 1
00000000000000011000011010100000000000000000000110000110101000000000000000000000000000000000000000000000000000000000000000000000 110 1
00000000000000011000011010100000000000000000000110000110101000000000000000000000000000000000000000000000000000000000000000000000 112 1
00000000000000011000011010100000000000000000000110000110101000000000000000000000000000000000000000000000000000000000000000000000 114 0
00000000000000011000011010100000000000000000000110000110101000000000000000000000000000000000000000000000000000000000000000000000 116 1
00000000000000011000011010100000000000000000000110000110101000000000000000000000000000000000000000000000000000000000000000000000 118 6
