15 14
00000000000000000001001110001000000000000000000000010011100010000000000000000000000000000000000000000000000000000000000000000000 0 0
00000000000000000001001110001000000000000000000000010011100010000000000000000000000000000000000000000000000000000000000000000000 2 1
00000000000000000001001110001000000000000000000000010011100010000000000000000000000000000000000000000000000000000000000000000000 4 2
00000000000000000001001110001000000000000000000000010011100010000000000000000000000000000000000000000000000000000000000000000000 6 3
00000000000000000001001110001000000000000000000000010011100010000000000000000000000000000000000000000000000000000000000000000000 8 4
00000000000000000001001110001000000000000000000000010011100010000000000000000000000000000000000000000000000000000000000000000000 10 5
00000000000000000001001110001000000000000000000000010011100010000000000000000000000000000000000000000000000000000000000000000000 12 6
00000000000000000001001110001000000000000000000000010011100010000000000000000000000000000000000000000000000000000000000000000000 14 7
00000000000000000001001110001000000000000000000000010011100010000000000000000000000000000000000000000000000000000000000000000000 16 8
00000000000000000001001110001000000000000000000000010011100010000000000000000000000000000000000000000000000000000000000000000000 18 9
00000000000000000001001110001000000000000000000000010011100010000000000000000000000000000000000000000000000000000000000000000000 20 10
00000000000000000001001110001000000000000000000000010011100010000000000000000000000000000000000000000000000000000000000000000000 22 11
00000000000000000001001110001000000000000000000000010011100010000000000000000000000000000000000000000000000000000000000000000000 24 12
00000000000000000001001110001000000000000000000000010011100010000000000000000000000000000000000000000000000000000000000000000000 26 13
00000000000000000001001110001000000000000000000000000000000000000000000000000000000000000000000000000000000000000000000000000000 28 14
00000000000000000000000000000000000000000000000000000000000000000000000000000001100001101010000000000000000000011000011010100000 0 0
00000000000000000000000000000000000000000000000000000000000000000000000000000001100001101010000000000000000000011000011010100000 2 1
00000000000000000000000000000000000000000000000000000000000000000000000000000001100001101010000000000000000000011000011010100000 4 2
00000000000000000000000000000000000000000000000000000000000000000000000000000001100001101010000000000000000000011000011010100000 6 3
00000000000000000000000000000000000000000000000000000000000000000000000000000001100001101010000000000000000000011000011010100000 8 4
00000000000000000000000000000000000000000000000000000000000000000000000000000001100001101010000000000000000000011000011010100000 10 5
00000000000000000000000000000000000000000000000000000000000000000000000000000001100001101010000000000000000000011000011010100000 12 6
00000000000000000000000000000000000000000000000000000000000000000000000000000001100001101010000000000000000000011000011010100000 14 7
00000000000000000000000000000000000000000000000000000000000000000000000000000001100001101010000000000000000000011000011010100000 16 8
00000000000000000000000000000000000000000000000000000000000000000000000000000001100001101010000000000000000000011000011010100000 18 9
00000000000000000000000000000000000000000000000000000000000000000000000000000001100001101010000000000000000000011000011010100000 20 10
00000000000000000000000000000000000000000000000000000000000000000000000000000001100001101010000000000000000000011000011010100000 22 11
00000000000000000000000000000000000000000000000000000000000000000000000000000001100001101010000000000000000000011000011010100000 24 12
00000000000000000000000000000000000000000000000000000000000000000000000000000001100001101010000000000000000000011000011010100000 26 13
