9 8
00000000000000000000100111000100000000000000000000010011100010000000000000000000000000000000000000000000000000000000000000000000 0 0
00000000000000000000000000000000100000000000000000010011100010000000000000000000000000000000000000000000000000000000000000000000 2 0
00000000000000000001001110001000000000000000000000010011100010000000000000000000000000000000000000000000000000000000000000000000 4 1
10000000000000000001001110001000000000000000000000000000000000000000000000000000000000000000000000000000000000000000000000000000 6 2
00000000000000000001001110001000000000000000000000010011100010000000000000000000000000000000000000000000000000000000000000000000 8 2
00000000000000000000000000000000100000000000000000010011100010000000000000000000000000000000000000000000000000000000000000000000 10 2
00000000000000000001001110001000000000000000000000010011100010000000000000000000000000000000000000000000000000000000000000000000 12 3
10000000000000000001001110001000000000000000000000000000000000000000000000000000000000000000000000000000000000000000000000000000 14 4
00000000000000000001001110001000000000000000000000000000000000000000000000000000000000000000000000000000000000000000000000000000 16 4
00000000000000000000000000000000000000000000000000000000000000000000000000000001100001101010000000000000000000011000011010100000 0 0
00000000000000000000000000000000000000000000000000000000000000000000000000000001100001101010000000000000000000011000011010100000 2 0
00000000000000000000000000000000000000000000000000000000000000000000000000000001100001101010000000000000000000011000011010100000 4 1
00000000000000000000000000000000000000000000000000000000000000000000000000000001100001101010000000000000000000011000011010100000 6 1
00000000000000000000000000000000000000000000000000000000000000000000000000000001100001101010000000000000000000011000011010100000 8 2
00000000000000000000000000000000000000000000000000000000000000000000000000000001100001101010000000000000000000011000011010100000 10 2
00000000000000000000000000000000000000000000000000000000000000000000000000000001100001101010000000000000000000011000011010100000 12 3
00000000000000000000000000000000000000000000000000000000000000000000000000000001100001101010000000000000000000011000011010100000 14 3
