263 261
00000000000000000001001110001000000000000000000000010011100010000000000000000000000000000000000000000000000000000000000000000000 0 0
00000000000000000001001110001000000000000000000000010011100010000000000000000000000000000000000000000000000000000000000000000000 0 2
00000000000000000001001110001000000000000000000000000000000000000000000000000000000000000000000000000000000000000000000000000000 0 4
00000000000000000001001110001000000000000000000000000000000000000000000000000000000000000000000000000000000000000000000000000000 0 6
00000000000000000001001110001000000000000000000000010011100010000000000000000000000000000000000000000000000000000000000000000000 0 8
00000000000000000000000000000000100000000000000000001001110001000000000000000000000000000000000000000000000000000000000000000000 2 8
00000000000000000001001110001000000000000000000000000000000000000000000000000000000000000000000000000000000000000000000000000000 4 8
00000000000000000001001110001000000000000000000000010011100010000000000000000000000000000000000000000000000000000000000000000000 6 7
00000000000000000000000000000000000000000000000000010011100010000000000000000000000000000000000000000000000000000000000000000000 8 6
10000000000000000000010011100001000000000000000000000000000000000000000000000000000000000000000000000000000000000000000000000000 10 6
00000000000000000001001110001000000000000000000000000000000000000000000000000000000000000000000000000000000000000000000000000000 10 8
00000000000000000000000000000000000000000000000000000000000000000000000000000000000100111000100000000000000000000001001110001000 12 6
00000000000000000000000000000000000000000000000000000000000000000000000000000000000100111000100000000000000000000001001110001000 14 6
00000000000000000000000000000000000000000000000000000000000000000000000000000000000100111000100000000000000000000001001110001000 16 6
00000000000000000000000000000000000000000000000000000000000000000000000000000000000100111000100000000000000000000001001110001000 16 8
00000000000000000000000000000000000000000000000000000000000000000000000000000000000100111000100000000000000000000001001110001000 18 8
00000000000000000000000000000000000000000000000000000000000000000000000000000000000100111000100000000000000000000001001110001000 20 8
00000000000000000000000000000000000000000000000000000000000000000000000000000000000100111000100000000000000000000000000000000000 24 6
00000000000000000000000000000000000000000000000000000000000000000000000000000000000100111000100000000000000000000001001110001000 26 5
00000000000000000000000000000000000000000000000000000000000000000000000000000000000000000000000000000000000000000001001110001000 28 4
00000000000000000000000000000000000000000000000000000000000000001000000000000000000000010011100000000000000000000000000000000000 30 4
00000000000000000000000000000000000000000000000000000000000000000000000000000000000100111000100000000000000000000000000000000000 30 6
00000000000000000001001110001000000000000000000000010011100010000000000000000000000000000000000000000000000000000000000000000000 34 4
00000000000000000001001110001000000000000000000000010011100010000000000000000000000000000000000000000000000000000000000000000000 36 4
00000000000000000001001110001000000000000000000000000000000000000000000000000000000000000000000000000000000000000000000000000000 38 4
00000000000000000000000000000000100000000000000000000000010011100000000000000000000000000000000000000000000000000000000000000000 40 2
00000000000000000000000000000000000000000000000000010011100010000000000000000000000000000000000000000000000000000000000000000000 40 4
00000000000000000001001110001000100000000000000000001001110001000000000000000000000000000000000000000000000000000000000000000000 40 6
00000000000000000000100111000100000000000000000000010011100010000000000000000000000000000000000000000000000000000000000000000000 42 7
00000000000000000001001110001000000000000000000000010011100010000000000000000000000000000000000000000000000000000000000000000000 44 7
00000000000000000001001110001000000000000000000000010011100010000000000000000000000000000000000000000000000000000000000000000000 46 7
00000000000000000000000000000000000000000000000000010011100010000000000000000000000000000000000000000000000000000000000000000000 48 6
00000000000000000001001110001000000000000000000000010011100010000000000000000000000000000000000000000000000000000000000000000000 50 6
00000000000000000001001110001000000000000000000000000000000000000000000000000000000000000000000000000000000000000000000000000000 52 6
00000000000000000001001110001000000000000000000000010011100010000000000000000000000000000000000000000000000000000000000000000000 56 3
00000000000000000001001110001000000000000000000000010011100010000000000000000000000000000000000000000000000000000000000000000000 58 3
00000000000000000000000000000000000000000000000000010011100010000000000000000000000000000000000000000000000000000000000000000000 60 2
10000000000000000000000000100111000000000000000000000000000000000000000000000000000000000000000000000000000000000000000000000000 62 2
00000000000000000001001110001000100000000000000000000010011100010000000000000000000000000000000000000000000000000000000000000000 62 4
00000000000000000000000000000000000000000000000000010011100010000000000000000000000000000000000000000000000000000000000000000000 62 6
00000000000000000000000000000000000000000000000000000000000000000000000000000000000100111000100000000000000000000001001110001000 64 5
00000000000000000000000000000000000000000000000000000000000000000000000000000000000100111000100000000000000000000001001110001000 66 5
00000000000000000000000000000000000000000000000000000000000000000000000000000000000000000000000000000000000000000001001110001000 68 4
00000000000000000000000000000000000000000000000000000000000000000000000000000000000100111000100000000000000000000001001110001000 72 2
00000000000000000000000000000000000000000000000000000000000000000000000000000000000100111000100000000000000000000001001110001000 74 2
00000000000000000000000000000000000000000000000000000000000000000000000000000000000100111000100000000000000000000000000000000000 76 2
00000000000000000000000000000000000000000000000000000000000000000000000000000000000000000000000010000000000000000000000000010011 78 0
00000000000000000000000000000000000000000000000000000000000000000000000000000000000100111000100010000000000000000000000010011100 78 3
00000000000000000000000000000000000000000000000000000000000000000000000000000000000100111000100000000000000000000001001110001000 78 6
00000000000000000000000000000000000000000000000000000000000000000000000000000000000100111000100000000000000000000000010011100001 78 8
00000000000000000000000000000000000000000000000000000000000000000000000000000000000000000000000010000000000000000000100111000100 80 8
00000000000000000000000000000000000000000000000000000000000000000000000000000000000100111000100000000000000000000000000000000000 82 8
00000000000000000000000000000000000000000000000000000000000000000000000000000000000100111000100000000000000000000001001110001000 84 7
00000000000000000000000000000000000000000000000000000000000000000000000000000000000100111000100000000000000000000001001110001000 86 7
00000000000000000001001110001000000000000000000000010011100010000000000000000000000000000000000000000000000000000000000000000000 92 4
00000000000000000001001110001000000000000000000000010011100010000000000000000000000000000000000000000000000000000000000000000000 94 4
00000000000000000001001110001000000000000000000000000000000000000000000000000000000000000000000000000000000000000000000000000000 96 4
00000000000000000001001110001000000000000000000000010011100010000000000000000000000000000000000000000000000000000000000000000000 100 1
00000000000000000001001110001000000000000000000000010011100010000000000000000000000000000000000000000000000000000000000000000000 102 1
00000000000000000000000000000000000000000000000000010011100010000000000000000000000000000000000000000000000000000000000000000000 104 0
10000000000000000000000000001001000000000000000000000000000000000000000000000000000000000000000000000000000000000000000000000000 106 0
00000000000000000001001110001000100000000000000000000000010011100000000000000000000000000000000000000000000000000000000000000000 106 2
00000000000000000001001110001000100000000000000000000100111000010000000000000000000000000000000000000000000000000000000000000000 106 5
00000000000000000001001110001000000000000000000000010011100010000000000000000000000000000000000000000000000000000000000000000000 108 6
00000000000000000001001110001000000000000000000000010011100010000000000000000000000000000000000000000000000000000000000000000000 110 6
00000000000000000001001110001000000000000000000000000000000000000000000000000000000000000000000000000000000000000000000000000000 112 6
00000000000000000001001110001000000000000000000000010011100010000000000000000000000000000000000000000000000000000000000000000000 116 3
00000000000000000001001110001000000000000000000000010011100010000000000000000000000000000000000000000000000000000000000000000000 118 3
00000000000000000000000000000000000000000000000000010011100010000000000000000000000000000000000000000000000000000000000000000000 120 2
00000000000000000001001110001000000000000000000000010011100010000000000000000000000000000000000000000000000000000000000000000000 124 0
00000000000000000001001110001000000000000000000000010011100010000000000000000000000000000000000000000000000000000000000000000000 126 0
00000000000000000001001110001000000000000000000000010011100010000000000000000000000000000000000000000000000000000000000000000000 128 0
10000000000000000000000000100111000000000000000000000000000000000000000000000000000000000000000000000000000000000000000000000000 128 2
00000000000000000001001110001000100000000000000000000001001110000000000000000000000000000000000000000000000000000000000000000000 128 4
00000000000000000000000000000000000000000000000000010011100010000000000000000000000000000000000000000000000000000000000000000000 128 6
00000000000000000001001110001000000000000000000000010011100010000000000000000000000000000000000000000000000000000000000000000000 128 8
00000000000000000001001110001000000000000000000000010011100010000000000000000000000000000000000000000000000000000000000000000000 130 8
00000000000000000001001110001000000000000000000000010011100010000000000000000000000000000000000000000000000000000000000000000000 132 8
00000000000000000000000000000000000000000000000000000000000000000000000000000000000100111000100000000000000000000001001110001000 136 5
00000000000000000000000000000000000000000000000000000000000000000000000000000000000100111000100000000000000000000001001110001000 138 5
00000000000000000000000000000000000000000000000000000000000000000000000000000000000000000000000000000000000000000001001110001000 140 4
00000000000000000000000000000000000000000000000000000000000000000000000000000000000100111000100000000000000000000001001110001000 144 2
00000000000000000000000000000000000000000000000000000000000000000000000000000000000100111000100000000000000000000001001110001000 146 2
00000000000000000000000000000000000000000000000000000000000000000000000000000000000100111000100000000000000000000000000000000000 148 2
00000000000000000001001110001000100000000000000000000000000100110000000000000000000000000000000000000000000000000000000000000000 152 0
00000000000000000001001110001000100000000000000000000000100111000000000000000000000000000000000000000000000000000000000000000000 152 3
00000000000000000001001110001000100000000000000000001001110001000000000000000000000000000000000000000000000000000000000000000000 152 6
00000000000000000000100111000100000000000000000000010011100010000000000000000000000000000000000000000000000000000000000000000000 154 7
00000000000000000001001110001000000000000000000000010011100010000000000000000000000000000000000000000000000000000000000000000000 156 7
00000000000000000000000000000000000000000000000000010011100010000000000000000000000000000000000000000000000000000000000000000000 158 6
00000000000000000001001110001000000000000000000000010011100010000000000000000000000000000000000000000000000000000000000000000000 162 4
00000000000000000001001110001000000000000000000000010011100010000000000000000000000000000000000000000000000000000000000000000000 164 4
00000000000000000001001110001000000000000000000000000000000000000000000000000000000000000000000000000000000000000000000000000000 166 4
00000000000000000001001110001000000000000000000000010011100010000000000000000000000000000000000000000000000000000000000000000000 170 1
00000000000000000001001110001000000000000000000000010011100010000000000000000000000000000000000000000000000000000000000000000000 172 1
00000000000000000000000000000000000000000000000000010011100010000000000000000000000000000000000000000000000000000000000000000000 174 0
00000000000000000001001110001000100000000000000000000000010011100000000000000000000000000000000000000000000000000000000000000000 174 2
00000000000000000001001110001000100000000000000000000010011100010000000000000000000000000000000000000000000000000000000000000000 174 5
00000000000000000001001110001000000000000000000000000000000000000000000000000000000000000000000000000000000000000000000000000000 174 8
00000000000000000000000000000000000000000000000000000000000000000000000000000000000100111000100000000000000000000001001110001000 176 6
00000000000000000000000000000000000000000000000000000000000000000000000000000000000100111000100000000000000000000001001110001000 178 6
00000000000000000000000000000000000000000000000000000000000000000000000000000000000100111000100000000000000000000000000000000000 180 6
00000000000000000000000000000000000000000000000000000000000000000000000000000000000100111000100000000000000000000001001110001000 184 3
00000000000000000000000000000000000000000000000000000000000000000000000000000000000100111000100000000000000000000001001110001000 186 3
00000000000000000000000000000000000000000000000000000000000000000000000000000000000000000000000000000000000000000001001110001000 188 2
00000000000000000001001110001000100000000000000000000000001001110000000000000000000000000000000000000000000000000000000000000000 192 1
00000000000000000001001110001000100000000000000000000001001110000000000000000000000000000000000000000000000000000000000000000000 192 4
00000000000000000000000000000000000000000000000000010011100010000000000000000000000000000000000000000000000000000000000000000000 192 6
00000000000000000001001110001000000000000000000000000100111000010000000000000000000000000000000000000000000000000000000000000000 192 8
00000000000000000000000000000000100000000000000000001001110001000000000000000000000000000000000000000000000000000000000000000000 194 8
00000000000000000000000000000000000000000000000000000000000000000000000000000000000100111000100000000000000000000001001110001000 198 5
00000000000000000000000000000000000000000000000000000000000000000000000000000000000100111000100000000000000000000001001110001000 200 5
00000000000000000000000000000000000000000000000000000000000000000000000000000000000000000000000000000000000000000001001110001000 202 4
00000000000000000000000000000000000000000000000000000000000000000000000000000000000100111000100000000000000000000001001110001000 206 2
00000000000000000000000000000000000000000000000000000000000000000000000000000000000100111000100000000000000000000001001110001000 208 2
00000000000000000000000000000000000000000000000000000000000000000000000000000000000100111000100000000000000000000001001110001000 210 2
00000000000000000000000000000000000000000000000000000000000000001000000000000000000000001001110000000000000000000000000000000000 210 4
00000000000000000000000000000000000000000000000000000000000000000000000000000000000100111000100010000000000000000000010011100001 210 6
00000000000000000000000000000000000000000000000000000000000000000000000000000000000100111000100000000000000000000001001110001000 212 7
00000000000000000000000000000000000000000000000000000000000000000000000000000000000100111000100000000000000000000001001110001000 214 7
00000000000000000000000000000000000000000000000000000000000000000000000000000000000000000000000000000000000000000001001110001000 216 6
00000000000000000000000000000000000000000000000000000000000000000000000000000000000100111000100000000000000000000001001110001000 220 4
00000000000000000000000000000000000000000000000000000000000000000000000000000000000100111000100000000000000000000001001110001000 222 4
00000000000000000000000000000000000000000000000000000000000000000000000000000000000100111000100000000000000000000000000000000000 224 4
00000000000000000000000000000000100000000000000000000000010011100000000000000000000000000000000000000000000000000000000000000000 228 2
00000000000000000001001110001000100000000000000000000010011100010000000000000000000000000000000000000000000000000000000000000000 228 5
00000000000000000001001110001000000000000000000000001001110001000000000000000000000000000000000000000000000000000000000000000000 228 8
00000000000000000001001110001000000000000000000000010011100010000000000000000000000000000000000000000000000000000000000000000000 232 6
00000000000000000001001110001000000000000000000000010011100010000000000000000000000000000000000000000000000000000000000000000000 234 6
00000000000000000001001110001000000000000000000000000000000000000000000000000000000000000000000000000000000000000000000000000000 236 6
00000000000000000001001110001000000000000000000000010011100010000000000000000000000000000000000000000000000000000000000000000000 240 3
00000000000000000001001110001000000000000000000000010011100010000000000000000000000000000000000000000000000000000000000000000000 242 3
00000000000000000000000000000000000000000000000000010011100010000000000000000000000000000000000000000000000000000000000000000000 244 2
00000000000000000001001110001000100000000000000000000001001110000000000000000000000000000000000000000000000000000000000000000000 244 4
00000000000000000000000000000000000000000000000000010011100010000000000000000000000000000000000000000000000000000000000000000000 244 6
00000000000000000000000000000000000000000000000000000000000000000000000000000000000100111000100000000000000000000001001110001000 246 5
00000000000000000000000000000000000000000000000000000000000000000000000000000000000100111000100000000000000000000001001110001000 248 5
00000000000000000000000000000000000000000000000000000000000000000000000000000000000000000000000000000000000000000001001110001000 250 4
00000000000000000001001110001000100000000000000000000000100111000000000000000000000000000000000000000000000000000000000000000000 254 3
00000000000000000001001110001000000000000000000000000000000000000000000000000000000000000000000000000000000000000000000000000000 254 6
00000000000000000000000000000000000000000000000000000000000000000000000000000000000100111000100000000000000000000001001110001000 256 4
00000000000000000000000000000000000000000000000000000000000000000000000000000000000100111000100000000000000000000001001110001000 258 4
00000000000000000000000000000000000000000000000000000000000000000000000000000000000100111000100000000000000000000001001110001000 260 4
00000000000000000000000000000000000000000000000000000000000000000000000000000000000100111000100000000000000000000001001110001000 262 4
00000000000000000000000000000000000000000000000000000000000000000000000000000000000100111000100000000000000000000001001110001000 262 6
00000000000000000000000000000000000000000000000000000000000000001000000000000000000010011100010000000000000000000000000000000000 262 8
00000000000000000000000000000000000000000000000000000000000000000000000000000000000100111000100000000000000000000000000000000000 264 8
00000000000000000000000000000000000000000000000000000000000000000000000000000000000100111000100000000000000000000001001110001000 266 7
00000000000000000000000000000000000000000000000000000000000000000000000000000000000100111000100000000000000000000001001110001000 268 7
10000000000000000000010011100001000000000000000000000000000000000000000000000000000000000000000000000000000000000000000000000000 272 8
00000000000000000000010011100001000000000000000000000000000000000000000000000000000000000000000000000000000000000000000000000000 274 8
10000000000000000000100111000100000000000000000000000000000000000000000000000000000000000000000000000000000000000000000000000000 276 8
00000000000000000000000000000000000000000000000000010011100010000000000000000000000000000000000000000000000000000000000000000000 278 6
00000000000000000001001110001000000000000000000000010011100010000000000000000000000000000000000000000000000000000000000000000000 280 6
00000000000000000001001110001000000000000000000000010011100010000000000000000000000000000000000000000000000000000000000000000000 282 6
00000000000000000000100111000100000000000000000000010011100010000000000000000000000000000000000000000000000000000000000000000000 282 8
00000000000000000001001110001000000000000000000000010011100010000000000000000000000000000000000000000000000000000000000000000000 284 8
00000000000000000001001110001000000000000000000000000000000000000000000000000000000000000000000000000000000000000000000000000000 286 8
00000000000000000000000000000000000000000000000000000000000000000000000000000000000000000000000010000000000000000000001001110001 288 6
00000000000000000000000000000000000000000000000000000000000000000000000000000000000000000000000000000000000000000001001110001000 288 8
00000000000000000000000000000000000000000000000000000010011100010000000000000000000000000000000000000000000000000000000000000000 292 6
00000000000000000000000000000000100000000000000000000100111000010000000000000000000000000000000000000000000000000000000000000000 294 6
00000000000000000001001110001000000000000000000000000000000000000000000000000000000000000000000000000000000000000000000000000000 296 6
00000000000000000001001110001000000000000000000000010011100010000000000000000000000000000000000000000000000000000000000000000000 298 5
00000000000000000000000000000000000000000000000000010011100010000000000000000000000000000000000000000000000000000000000000000000 300 4
00000000000000000001001110001000000000000000000000000000000000000000000000000000000000000000000000000000000000000000000000000000 302 4
00000000000000000001001110001000000000000000000000010011100010000000000000000000000000000000000000000000000000000000000000000000 302 6
00000000000000000001001110001000000000000000000000000000000000000000000000000000000000000000000000000000000000000000000000000000 302 8
00000000000000000001001110001000000000000000000000010011100010000000000000000000000000000000000000000000000000000000000000000000 304 7
00000000000000000000000000000000000000000000000000010011100010000000000000000000000000000000000000000000000000000000000000000000 306 6
00000000000000000000000000000000000000000000000000000000000000001000000000000000000000010011100000000000000000000000000000000000 308 6
00000000000000000000000000000000000000000000000000000000000000000000000000000000000100111000100000000000000000000001001110001000 308 8
00000000000000000000000000000000000000000000000000000000000000000000000000000000000000010011100000000000000000000000000000000000 312 6
00000000000000000000000000000000000000000000000000000000000000001000000000000000000000100111000100000000000000000000000000000000 314 6
00000000000000000000000000000000000000000000000000000000000000000000000000000000000000000000000000000000000000000001001110001000 316 4
00000000000000000000000000000000000000000000000000000000000000000000000000000000000100111000100000000000000000000001001110001000 318 4
00000000000000000000000000000000000000000000000000000000000000000000000000000000000100111000100000000000000000000000000000000000 320 4
00000000000000000000000000000000000000000000000000000000000000000000000000000000000100111000100000000000000000000001001110001000 322 3
00000000000000000000000000000000000000000000000000000000000000000000000000000000000000000000000000000000000000000001001110001000 324 2
00000000000000000000000000000000000000000000000000000000000000000000000000000000000100111000100000000000000000000000000000000000 326 2
00000000000000000000000000000000000000000000000000000000000000000000000000000000000100111000100000000000000000000000000000000000 326 4
00000000000000000000000000000000000000000000000000000000000000000000000000000000000000000000000000000000000000000001001110001000 328 2
00000000000000000000000000000000000000000000000000000000000000000000000000000000000100111000100000000000000000000000000000000000 330 2
00000000000000000000000000000000000000000000000000000000000000000000000000000000000000000000000000000000000000000001001110001000 332 0
00000000000000000000000000000000000000000000000000000000000000000000000000000000000000000000000000000000000000000001001110001000 332 2
00000000000000000001001110001000000000000000000000000000000000000000000000000000000000000000000000000000000000000000000000000000 336 2
00000000000000000001001110001000000000000000000000010011100010000000000000000000000000000000000000000000000000000000000000000000 338 1
00000000000000000000000000000000000000000000000000010011100010000000000000000000000000000000000000000000000000000000000000000000 340 0
00000000000000000001001110001000000000000000000000010011100010000000000000000000000000000000000000000000000000000000000000000000 342 0
00000000000000000001001110001000000000000000000000010011100010000000000000000000000000000000000000000000000000000000000000000000 344 0
00000000000000000001001110001000000000000000000000000000000000000000000000000000000000000000000000000000000000000000000000000000 346 0
00000000000000000001001110001000000000000000000000010011100010000000000000000000000000000000000000000000000000000000000000000000 346 2
00000000000000000001001110001000000000000000000000000000000000000000000000000000000000000000000000000000000000000000000000000000 346 4
00000000000000000001001110001000000000000000000000010011100010000000000000000000000000000000000000000000000000000000000000000000 348 3
00000000000000000001001110001000000000000000000000010011100010000000000000000000000000000000000000000000000000000000000000000000 350 4
00000000000000000001001110001000000000000000000000010011100010000000000000000000000000000000000000000000000000000000000000000000 350 6
00000000000000000001001110001000000000000000000000010011100010000000000000000000000000000000000000000000000000000000000000000000 352 6
00000000000000000001001110001000000000000000000000000000000000000000000000000000000000000000000000000000000000000000000000000000 354 6
00000000000000000000000000000000000000000000000000010011100010000000000000000000000000000000000000000000000000000000000000000000 356 4
00000000000000000000000000000000000000000000000000010011100010000000000000000000000000000000000000000000000000000000000000000000 356 6
00000000000000000001001110001000000000000000000000000000000000000000000000000000000000000000000000000000000000000000000000000000 358 6
00000000000000000001001110001000000000000000000000010011100010000000000000000000000000000000000000000000000000000000000000000000 360 5
00000000000000000001001110001000000000000000000000010011100010000000000000000000000000000000000000000000000000000000000000000000 362 6
10000000000000000000100111000100000000000000000000000000000000000000000000000000000000000000000000000000000000000000000000000000 362 8
00000000000000000001001110001000000000000000000000000000000000000000000000000000000000000000000000000000000000000000000000000000 364 8
00000000000000000001001110001000000000000000000000010011100010000000000000000000000000000000000000000000000000000000000000000000 366 7
00000000000000000000000000000000000000000000000000010011100010000000000000000000000000000000000000000000000000000000000000000000 368 6
00000000000000000001001110001000000000000000000000000000000000000000000000000000000000000000000000000000000000000000000000000000 370 6
00000000000000000001001110001000000000000000000000000000000000000000000000000000000000000000000000000000000000000000000000000000 370 8
00000000000000000000000000000000000000000000000000000000000000001000000000000000000001001110000100000000000000000000000000000000 372 8
00000000000000000000000000000000000000000000000000000000000000000000000000000000000001001110000100000000000000000000000000000000 374 8
00000000000000000000000000000000000000000000000000000000000000001000000000000000000010011100010000000000000000000000000000000000 376 8
00000000000000000000000000000000000000000000000000000000000000000000000000000000000000000000000000000000000000000001001110001000 378 6
00000000000000000000000000000000000000000000000000000000000000000000000000000000000100111000100000000000000000000001001110001000 380 6
00000000000000000000000000000000000000000000000000000000000000000000000000000000000100111000100000000000000000000000000000000000 382 6
00000000000000000000000000000000000000000000000000000000000000000000000000000000000100111000100000000000000000000001001110001000 384 5
00000000000000000000000000000000000000000000000000000000000000000000000000000000000100111000100000000000000000000001001110001000 386 5
00000000000000000000000000000000000000000000000000000000000000000000000000000000000000000000000000000000000000000001001110001000 388 4
00000000000000000000000000000000000000000000000000000000000000000000000000000000000100111000100000000000000000000001001110001000 390 4
00000000000000000000000000000000000000000000000000000000000000000000000000000000000100111000100000000000000000000001001110001000 392 4
00000000000000000000000000000000000000000000000000000000000000000000000000000000000100111000100000000000000000000000000000000000 394 4
00000000000000000000000000000000000000000000000000000000000000000000000000000000000100111000100000000000000000000001001110001000 396 3
00000000000000000000000000000000000000000000000000000000000000000000000000000000000100111000100000000000000000000001001110001000 398 3
00000000000000000000000000000000000000000000000000000000000000000000000000000000000000000000000000000000000000000001001110001000 400 2
00000000000000000000000000000000000000000000000000000000000000000000000000000000000100111000100000000000000000000001001110001000 402 2
00000000000000000000000000000000000000000000000000000000000000000000000000000000000100111000100000000000000000000000000000000000 404 2
00000000000000000000000000000000000000000000000000000000000000000000000000000000000000000000000000000000000000000001001110001000 406 0
00000000000000000000000000000000000000000000000000000000000000000000000000000000000000000000000000000000000000000001001110001000 406 2
00000000000000000000000000000000000000000000000000000000000000000000000000000000000100111000100000000000000000000000000000000000 408 2
00000000000000000000000000000000000000000000000000000000000000000000000000000000000100111000100000000000000000000001001110001000 410 1
00000000000000000000000000000000000000000000000000010011100010000000000000000000000000000000000000000000000000000000000000000000 412 2
00000000000000000001001110001000000000000000000000010011100010000000000000000000000000000000000000000000000000000000000000000000 412 4
00000000000000000001001110001000000000000000000000010011100010000000000000000000000000000000000000000000000000000000000000000000 412 6
00000000000000000000100111000100000000000000000000000000000000000000000000000000000000000000000000000000000000000000000000000000 412 8
00000000000000000001001110001000000000000000000000010011100010000000000000000000000000000000000000000000000000000000000000000000 414 7
00000000000000000001001110001000000000000000000000010011100010000000000000000000000000000000000000000000000000000000000000000000 416 7
00000000000000000000000000000000000000000000000000010011100010000000000000000000000000000000000000000000000000000000000000000000 418 6
00000000000000000001001110001000000000000000000000010011100010000000000000000000000000000000000000000000000000000000000000000000 420 6
00000000000000000001001110001000000000000000000000010011100010000000000000000000000000000000000000000000000000000000000000000000 422 6
00000000000000000001001110001000000000000000000000000000000000000000000000000000000000000000000000000000000000000000000000000000 424 6
00000000000000000001001110001000000000000000000000010011100010000000000000000000000000000000000000000000000000000000000000000000 426 5
00000000000000000001001110001000000000000000000000010011100010000000000000000000000000000000000000000000000000000000000000000000 428 5
00000000000000000000000000000000000000000000000000010011100010000000000000000000000000000000000000000000000000000000000000000000 430 4
00000000000000000001001110001000000000000000000000010011100010000000000000000000000000000000000000000000000000000000000000000000 432 4
00000000000000000001001110001000000000000000000000010011100010000000000000000000000000000000000000000000000000000000000000000000 434 4
00000000000000000001001110001000000000000000000000000000000000000000000000000000000000000000000000000000000000000000000000000000 436 4
00000000000000000001001110001000000000000000000000010011100010000000000000000000000000000000000000000000000000000000000000000000 438 3
00000000000000000001001110001000000000000000000000010011100010000000000000000000000000000000000000000000000000000000000000000000 440 3
00000000000000000000000000000000000000000000000000010011100010000000000000000000000000000000000000000000000000000000000000000000 442 2
00000000000000000001001110001000000000000000000000010011100010000000000000000000000000000000000000000000000000000000000000000000 444 2
00000000000000000001001110001000000000000000000000010011100010000000000000000000000000000000000000000000000000000000000000000000 446 2
00000000000000000001001110001000000000000000000000000000000000000000000000000000000000000000000000000000000000000000000000000000 448 2
00000000000000000001001110001000000000000000000000000000000000000000000000000000000000000000000000000000000000000000000000000000 448 6
00000000000000000001001110001000000000000000000000010011100010000000000000000000000000000000000000000000000000000000000000000000 450 6
00000000000000000001001110001000000000000000000000010011100010000000000000000000000000000000000000000000000000000000000000000000 452 6
00000000000000000001001110001000000000000000000000010011100010000000000000000000000000000000000000000000000000000000000000000000 454 6
00000000000000000001001110001000000000000000000000000000000000000000000000000000000000000000000000000000000000000000000000000000 454 8
00000000000000000001001110001000000000000000000000010011100010000000000000000000000000000000000000000000000000000000000000000000 456 8
00000000000000000001001110001000000000000000000000010011100010000000000000000000000000000000000000000000000000000000000000000000 458 8
00000000000000000001001110001000000000000000000000000000000000000000000000000000000000000000000000000000000000000000000000000000 460 8
00000000000000000001001110001000000000000000000000010011100010000000000000000000000000000000000000000000000000000000000000000000 462 7
00000000000000000001001110001000000000000000000000010011100010000000000000000000000000000000000000000000000000000000000000000000 464 7
00000000000000000000000000000000000000000000000000010011100010000000000000000000000000000000000000000000000000000000000000000000 466 6
00000000000000000000000000000000000000000000000000000000000000000000000000000001100001101010000000000000000000011000011010100000 0 8
00000000000000000000000000000000000000000000000000000000000000000000000000000001100001101010000000000000000000011000011010100000 2 8
00000000000000000000000000000000000000000000000000000000000000000000000000000001100001101010000000000000000000011000011010100000 4 7
00000000000000000000000000000000000000000000000000000000000000000000000000000001100001101010000000000000000000011000011010100000 6 7
00000000000000000000000000000000000000000000000000000000000000000000000000000001100001101010000000000000000000011000011010100000 8 6
00000000000000000000000000000000000000000000000000000000000000000000000000000001100001101010000000000000000000011000011010100000 10 7
00000000000000011000011010100000000000000000000110000110101000000000000000000000000000000000000000000000000000000000000000000000 12 6
00000000000000011000011010100000000000000000000110000110101000000000000000000000000000000000000000000000000000000000000000000000 14 6
00000000000000011000011010100000000000000000000110000110101000000000000000000000000000000000000000000000000000000000000000000000 16 6
00000000000000011000011010100000000000000000000110000110101000000000000000000000000000000000000000000000000000000000000000000000 18 8
00000000000000011000011010100000000000000000000110000110101000000000000000000000000000000000000000000000000000000000000000000000 20 8
00000000000000000000000000000000000000000000000000000000000000000000000000000000000000000000000000000000000000011000011010100000 22 6
00000000000000011000011010100000000000000000000110000110101000000000000000000001100001101010000000000000000000000000000000000000 22 8
00000000000000011000011010100000000000000000000110000110101000000000000000000000000000000000000000000000000000000000000000000000 24 6
00000000000000011000011010100000000000000000000110000110101000000000000000000000000000000000000000000000000000000000000000000000 26 5
00000000000000011000011010100000000000000000000110000110101000000000000000000000000000000000000000000000000000000000000000000000 28 5
00000000000000011000011010100000000000000000000110000110101000000000000000000000000000000000000000000000000000000000000000000000 30 4
00000000000000000000000000000000000000000000000110000110101000000000000000000001100001101010000000000000000000011000011010100000 32 4
00000000000000011000011010100000000000000000000000000000000000000000000000000000000000000000000000000000000000000000000000000000 32 6
00000000000000000000000000000000000000000000000000000000000000000000000000000001100001101010000000000000000000011000011010100000 34 4
00000000000000000000000000000000000000000000000000000000000000000000000000000001100001101010000000000000000000011000011010100000 36 4
00000000000000000000000000000000000000000000000000000000000000000000000000000001100001101010000000000000000000011000011010100000 38 3
00000000000000000000000000000000000000000000000000000000000000000000000000000001100001101010000000000000000000011000011010100000 40 7
00000000000000000000000000000000000000000000000000000000000000000000000000000001100001101010000000000000000000011000011010100000 42 7
00000000000000000000000000000000000000000000000000000000000000000000000000000001100001101010000000000000000000011000011010100000 44 7
00000000000000000000000000000000000000000000000000000000000000000000000000000001100001101010000000000000000000011000011010100000 46 7
00000000000000000000000000000000000000000000000000000000000000000000000000000001100001101010000000000000000000011000011010100000 48 6
00000000000000000000000000000000000000000000000000000000000000000000000000000001100001101010000000000000000000011000011010100000 50 6
00000000000000000000000000000000000000000000000000000000000000000000000000000001100001101010000000000000000000011000011010100000 52 5
00000000000000000000000000000000000000000000000000000000000000000000000000000000000000000000000000000000000000011000011010100000 54 2
00000000000000011000011010100000000000000000000110000110101000000000000000000001100001101010000000000000000000000000000000000000 54 4
00000000000000000000000000000000000000000000000000000000000000000000000000000001100001101010000000000000000000011000011010100000 56 3
00000000000000000000000000000000000000000000000000000000000000000000000000000001100001101010000000000000000000011000011010100000 58 3
00000000000000000000000000000000000000000000000000000000000000000000000000000001100001101010000000000000000000011000011010100000 60 2
00000000000000000000000000000000000000000000000000000000000000000000000000000001100001101010000000000000000000011000011010100000 62 6
00000000000000011000011010100000000000000000000110000110101000000000000000000000000000000000000000000000000000000000000000000000 64 5
00000000000000011000011010100000000000000000000110000110101000000000000000000000000000000000000000000000000000000000000000000000 66 5
00000000000000011000011010100000000000000000000110000110101000000000000000000000000000000000000000000000000000000000000000000000 68 5
00000000000000000000000000000000000000000000000000000000000000000000000000000000000000000000000000000000000000011000011010100000 70 2
00000000000000011000011010100000000000000000000110000110101000000000000000000001100001101010000000000000000000000000000000000000 70 4
00000000000000011000011010100000000000000000000110000110101000000000000000000000000000000000000000000000000000000000000000000000 72 2
00000000000000011000011010100000000000000000000110000110101000000000000000000000000000000000000000000000000000000000000000000000 74 2
00000000000000011000011010100000000000000000000110000110101000000000000000000000000000000000000000000000000000000000000000000000 76 2
00000000000000011000011010100000000000000000000110000110101000000000000000000000000000000000000000000000000000000000000000000000 78 1
00000000000000011000011010100000000000000000000110000110101000000000000000000000000000000000000000000000000000000000000000000000 80 8
00000000000000011000011010100000000000000000000110000110101000000000000000000000000000000000000000000000000000000000000000000000 82 8
00000000000000011000011010100000000000000000000110000110101000000000000000000000000000000000000000000000000000000000000000000000 84 7
00000000000000011000011010100000000000000000000110000110101000000000000000000000000000000000000000000000000000000000000000000000 86 7
00000000000000000000000000000000000000000000000110000110101000000000000000000001100001101010000000000000000000011000011010100000 88 6
00000000000000011000011010100000000000000000000000000000000000000000000000000000000000000000000000000000000000000000000000000000 88 8
00000000000000000000000000000000000000000000000110000110101000000000000000000001100001101010000000000000000000011000011010100000 90 4
00000000000000011000011010100000000000000000000000000000000000000000000000000000000000000000000000000000000000000000000000000000 90 6
00000000000000000000000000000000000000000000000000000000000000000000000000000001100001101010000000000000000000011000011010100000 92 4
00000000000000000000000000000000000000000000000000000000000000000000000000000001100001101010000000000000000000011000011010100000 94 4
00000000000000000000000000000000000000000000000000000000000000000000000000000001100001101010000000000000000000011000011010100000 96 3
00000000000000000000000000000000000000000000000000000000000000000000000000000000000000000000000000000000000000011000011010100000 98 0
00000000000000011000011010100000000000000000000110000110101000000000000000000001100001101010000000000000000000000000000000000000 98 2
00000000000000000000000000000000000000000000000000000000000000000000000000000001100001101010000000000000000000011000011010100000 100 1
00000000000000000000000000000000000000000000000000000000000000000000000000000001100001101010000000000000000000011000011010100000 102 1
00000000000000000000000000000000000000000000000000000000000000000000000000000001100001101010000000000000000000011000011010100000 104 0
00000000000000000000000000000000000000000000000000000000000000000000000000000001100001101010000000000000000000011000011010100000 106 6
00000000000000000000000000000000000000000000000000000000000000000000000000000001100001101010000000000000000000011000011010100000 108 6
00000000000000000000000000000000000000000000000000000000000000000000000000000001100001101010000000000000000000011000011010100000 110 6
00000000000000000000000000000000000000000000000000000000000000000000000000000001100001101010000000000000000000011000011010100000 112 5
00000000000000000000000000000000000000000000000000000000000000000000000000000000000000000000000000000000000000011000011010100000 114 2
00000000000000011000011010100000000000000000000110000110101000000000000000000001100001101010000000000000000000000000000000000000 114 4
00000000000000000000000000000000000000000000000000000000000000000000000000000001100001101010000000000000000000011000011010100000 116 3
00000000000000000000000000000000000000000000000000000000000000000000000000000001100001101010000000000000000000011000011010100000 118 3
00000000000000000000000000000000000000000000000000000000000000000000000000000001100001101010000000000000000000011000011010100000 120 2
00000000000000000000000000000000000000000000000110000110101000000000000000000001100001101010000000000000000000011000011010100000 122 0
00000000000000011000011010100000000000000000000000000000000000000000000000000000000000000000000000000000000000000000000000000000 122 2
00000000000000000000000000000000000000000000000000000000000000000000000000000001100001101010000000000000000000011000011010100000 124 0
00000000000000000000000000000000000000000000000000000000000000000000000000000001100001101010000000000000000000011000011010100000 126 0
00000000000000000000000000000000000000000000000000000000000000000000000000000001100001101010000000000000000000011000011010100000 128 8
00000000000000000000000000000000000000000000000000000000000000000000000000000001100001101010000000000000000000011000011010100000 130 8
00000000000000000000000000000000000000000000000000000000000000000000000000000001100001101010000000000000000000011000011010100000 132 8
00000000000000000000000000000000000000000000000110000110101000000000000000000001100001101010000000000000000000011000011010100000 134 6
00000000000000011000011010100000000000000000000000000000000000000000000000000000000000000000000000000000000000000000000000000000 134 8
00000000000000011000011010100000000000000000000110000110101000000000000000000000000000000000000000000000000000000000000000000000 136 5
00000000000000011000011010100000000000000000000110000110101000000000000000000000000000000000000000000000000000000000000000000000 138 5
00000000000000011000011010100000000000000000000110000110101000000000000000000000000000000000000000000000000000000000000000000000 140 5
00000000000000000000000000000000000000000000000000000000000000000000000000000000000000000000000000000000000000011000011010100000 142 2
00000000000000011000011010100000000000000000000110000110101000000000000000000001100001101010000000000000000000000000000000000000 142 4
00000000000000011000011010100000000000000000000110000110101000000000000000000000000000000000000000000000000000000000000000000000 144 2
00000000000000011000011010100000000000000000000110000110101000000000000000000000000000000000000000000000000000000000000000000000 146 2
00000000000000011000011010100000000000000000000110000110101000000000000000000000000000000000000000000000000000000000000000000000 148 2
00000000000000000000000000000000000000000000000110000110101000000000000000000001100001101010000000000000000000011000011010100000 150 0
00000000000000011000011010100000000000000000000000000000000000000000000000000000000000000000000000000000000000000000000000000000 150 2
00000000000000000000000000000000000000000000000000000000000000000000000000000001100001101010000000000000000000011000011010100000 152 7
00000000000000000000000000000000000000000000000000000000000000000000000000000001100001101010000000000000000000011000011010100000 154 7
00000000000000000000000000000000000000000000000000000000000000000000000000000001100001101010000000000000000000011000011010100000 156 7
00000000000000000000000000000000000000000000000000000000000000000000000000000001100001101010000000000000000000011000011010100000 158 6
00000000000000000000000000000000000000000000000110000110101000000000000000000001100001101010000000000000000000011000011010100000 160 4
00000000000000011000011010100000000000000000000000000000000000000000000000000000000000000000000000000000000000000000000000000000 160 6
00000000000000000000000000000000000000000000000000000000000000000000000000000001100001101010000000000000000000011000011010100000 162 4
00000000000000000000000000000000000000000000000000000000000000000000000000000001100001101010000000000000000000011000011010100000 164 4
00000000000000000000000000000000000000000000000000000000000000000000000000000001100001101010000000000000000000011000011010100000 166 3
00000000000000000000000000000000000000000000000000000000000000000000000000000000000000000000000000000000000000011000011010100000 168 0
00000000000000011000011010100000000000000000000110000110101000000000000000000001100001101010000000000000000000000000000000000000 168 2
00000000000000000000000000000000000000000000000000000000000000000000000000000001100001101010000000000000000000011000011010100000 170 1
00000000000000000000000000000000000000000000000000000000000000000000000000000001100001101010000000000000000000011000011010100000 172 1
00000000000000000000000000000000000000000000000000000000000000000000000000000001100001101010000000000000000000011000011010100000 174 7
00000000000000011000011010100000000000000000000110000110101000000000000000000000000000000000000000000000000000000000000000000000 176 6
00000000000000011000011010100000000000000000000110000110101000000000000000000000000000000000000000000000000000000000000000000000 178 6
00000000000000011000011010100000000000000000000110000110101000000000000000000000000000000000000000000000000000000000000000000000 180 6
00000000000000000000000000000000000000000000000110000110101000000000000000000001100001101010000000000000000000011000011010100000 182 4
00000000000000011000011010100000000000000000000000000000000000000000000000000000000000000000000000000000000000000000000000000000 182 6
00000000000000011000011010100000000000000000000110000110101000000000000000000000000000000000000000000000000000000000000000000000 184 3
00000000000000011000011010100000000000000000000110000110101000000000000000000000000000000000000000000000000000000000000000000000 186 3
00000000000000011000011010100000000000000000000110000110101000000000000000000000000000000000000000000000000000000000000000000000 188 3
00000000000000000000000000000000000000000000000000000000000000000000000000000000000000000000000000000000000000011000011010100000 190 0
00000000000000011000011010100000000000000000000110000110101000000000000000000001100001101010000000000000000000000000000000000000 190 2
00000000000000000000000000000000000000000000000000000000000000000000000000000001100001101010000000000000000000011000011010100000 192 8
00000000000000000000000000000000000000000000000000000000000000000000000000000001100001101010000000000000000000011000011010100000 194 8
00000000000000000000000000000000000000000000000110000110101000000000000000000001100001101010000000000000000000011000011010100000 196 6
00000000000000011000011010100000000000000000000000000000000000000000000000000000000000000000000000000000000000000000000000000000 196 8
00000000000000011000011010100000000000000000000110000110101000000000000000000000000000000000000000000000000000000000000000000000 198 5
00000000000000011000011010100000000000000000000110000110101000000000000000000000000000000000000000000000000000000000000000000000 200 5
00000000000000011000011010100000000000000000000110000110101000000000000000000000000000000000000000000000000000000000000000000000 202 5
00000000000000000000000000000000000000000000000000000000000000000000000000000000000000000000000000000000000000011000011010100000 204 2
00000000000000011000011010100000000000000000000110000110101000000000000000000001100001101010000000000000000000000000000000000000 204 4
00000000000000011000011010100000000000000000000110000110101000000000000000000000000000000000000000000000000000000000000000000000 206 2
00000000000000011000011010100000000000000000000110000110101000000000000000000000000000000000000000000000000000000000000000000000 208 2
00000000000000011000011010100000000000000000000110000110101000000000000000000000000000000000000000000000000000000000000000000000 210 2
00000000000000011000011010100000000000000000000110000110101000000000000000000000000000000000000000000000000000000000000000000000 212 7
00000000000000011000011010100000000000000000000110000110101000000000000000000000000000000000000000000000000000000000000000000000 214 7
00000000000000011000011010100000000000000000000110000110101000000000000000000000000000000000000000000000000000000000000000000000 216 7
00000000000000000000000000000000000000000000000000000000000000000000000000000000000000000000000000000000000000011000011010100000 218 4
00000000000000011000011010100000000000000000000110000110101000000000000000000001100001101010000000000000000000000000000000000000 218 6
00000000000000011000011010100000000000000000000110000110101000000000000000000000000000000000000000000000000000000000000000000000 220 4
00000000000000011000011010100000000000000000000110000110101000000000000000000000000000000000000000000000000000000000000000000000 222 4
00000000000000011000011010100000000000000000000110000110101000000000000000000000000000000000000000000000000000000000000000000000 224 4
00000000000000000000000000000000000000000000000110000110101000000000000000000001100001101010000000000000000000011000011010100000 226 2
00000000000000011000011010100000000000000000000000000000000000000000000000000000000000000000000000000000000000000000000000000000 226 4
00000000000000000000000000000000000000000000000000000000000000000000000000000001100001101010000000000000000000011000011010100000 228 8
00000000000000000000000000000000000000000000000110000110101000000000000000000001100001101010000000000000000000011000011010100000 230 6
00000000000000011000011010100000000000000000000000000000000000000000000000000000000000000000000000000000000000000000000000000000 230 8
00000000000000000000000000000000000000000000000000000000000000000000000000000001100001101010000000000000000000011000011010100000 232 6
00000000000000000000000000000000000000000000000000000000000000000000000000000001100001101010000000000000000000011000011010100000 234 6
00000000000000000000000000000000000000000000000000000000000000000000000000000001100001101010000000000000000000011000011010100000 236 5
00000000000000000000000000000000000000000000000000000000000000000000000000000000000000000000000000000000000000011000011010100000 238 2
00000000000000011000011010100000000000000000000110000110101000000000000000000001100001101010000000000000000000000000000000000000 238 4
00000000000000000000000000000000000000000000000000000000000000000000000000000001100001101010000000000000000000011000011010100000 240 3
00000000000000000000000000000000000000000000000000000000000000000000000000000001100001101010000000000000000000011000011010100000 242 3
00000000000000000000000000000000000000000000000000000000000000000000000000000001100001101010000000000000000000011000011010100000 244 6
00000000000000011000011010100000000000000000000110000110101000000000000000000000000000000000000000000000000000000000000000000000 246 5
00000000000000011000011010100000000000000000000110000110101000000000000000000000000000000000000000000000000000000000000000000000 248 5
00000000000000011000011010100000000000000000000110000110101000000000000000000000000000000000000000000000000000000000000000000000 250 5
00000000000000000000000000000000000000000000000000000000000000000000000000000000000000000000000000000000000000011000011010100000 252 2
00000000000000011000011010100000000000000000000110000110101000000000000000000001100001101010000000000000000000000000000000000000 252 4
00000000000000000000000000000000000000000000000000000000000000000000000000000001100001101010000000000000000000011000011010100000 254 5
00000000000000011000011010100000000000000000000110000110101000000000000000000000000000000000000000000000000000000000000000000000 256 4
00000000000000011000011010100000000000000000000110000110101000000000000000000000000000000000000000000000000000000000000000000000 258 4
00000000000000011000011010100000000000000000000110000110101000000000000000000000000000000000000000000000000000000000000000000000 260 4
00000000000000011000011010100000000000000000000110000110101000000000000000000000000000000000000000000000000000000000000000000000 262 4
00000000000000011000011010100000000000000000000110000110101000000000000000000000000000000000000000000000000000000000000000000000 264 8
00000000000000011000011010100000000000000000000110000110101000000000000000000000000000000000000000000000000000000000000000000000 266 7
00000000000000011000011010100000000000000000000110000110101000000000000000000000000000000000000000000000000000000000000000000000 268 7
00000000000000000000000000000000000000000000000000000000000000000000000000000000000000000000000000000000000000011000011010100000 270 6
00000000000000011000011010100000000000000000000110000110101000000000000000000001100001101010000000000000000000000000000000000000 270 8
00000000000000000000000000000000000000000000000000000000000000000000000000000001100001101010000000000000000000011000011010100000 272 8
00000000000000000000000000000000000000000000000000000000000000000000000000000001100001101010000000000000000000011000011010100000 274 7
00000000000000000000000000000000000000000000000000000000000000000000000000000001100001101010000000000000000000011000011010100000 276 7
00000000000000000000000000000000000000000000000000000000000000000000000000000001100001101010000000000000000000011000011010100000 278 6
00000000000000000000000000000000000000000000000000000000000000000000000000000001100001101010000000000000000000011000011010100000 280 6
00000000000000000000000000000000000000000000000000000000000000000000000000000001100001101010000000000000000000011000011010100000 282 8
00000000000000000000000000000000000000000000000000000000000000000000000000000001100001101010000000000000000000011000011010100000 284 8
00000000000000000000000000000000000000000000000000000000000000000000000000000001100001101010000000000000000000011000011010100000 286 7
00000000000000011000011010100000000000000000000110000110101000000000000000000000000000000000000000000000000000000000000000000000 288 6
00000000000000000000000000000000000000000000000000000000000000000000000000000000000000000000000000000000000000011000011010100000 290 6
00000000000000011000011010100000000000000000000110000110101000000000000000000001100001101010000000000000000000000000000000000000 290 8
00000000000000000000000000000000000000000000000000000000000000000000000000000001100001101010000000000000000000011000011010100000 292 6
00000000000000000000000000000000000000000000000000000000000000000000000000000001100001101010000000000000000000011000011010100000 294 6
00000000000000000000000000000000000000000000000000000000000000000000000000000001100001101010000000000000000000011000011010100000 296 5
00000000000000000000000000000000000000000000000000000000000000000000000000000001100001101010000000000000000000011000011010100000 298 5
00000000000000000000000000000000000000000000000000000000000000000000000000000001100001101010000000000000000000011000011010100000 300 4
00000000000000000000000000000000000000000000000000000000000000000000000000000001100001101010000000000000000000011000011010100000 302 7
00000000000000000000000000000000000000000000000000000000000000000000000000000001100001101010000000000000000000011000011010100000 304 7
00000000000000000000000000000000000000000000000000000000000000000000000000000001100001101010000000000000000000011000011010100000 306 6
00000000000000011000011010100000000000000000000110000110101000000000000000000000000000000000000000000000000000000000000000000000 308 5
00000000000000000000000000000000000000000000000000000000000000000000000000000000000000000000000000000000000000011000011010100000 310 6
00000000000000011000011010100000000000000000000110000110101000000000000000000001100001101010000000000000000000000000000000000000 310 8
00000000000000011000011010100000000000000000000110000110101000000000000000000000000000000000000000000000000000000000000000000000 312 6
00000000000000011000011010100000000000000000000110000110101000000000000000000000000000000000000000000000000000000000000000000000 314 5
00000000000000011000011010100000000000000000000110000110101000000000000000000000000000000000000000000000000000000000000000000000 316 5
00000000000000011000011010100000000000000000000110000110101000000000000000000000000000000000000000000000000000000000000000000000 318 4
00000000000000011000011010100000000000000000000110000110101000000000000000000000000000000000000000000000000000000000000000000000 320 4
00000000000000011000011010100000000000000000000110000110101000000000000000000000000000000000000000000000000000000000000000000000 322 3
00000000000000011000011010100000000000000000000110000110101000000000000000000000000000000000000000000000000000000000000000000000 324 3
00000000000000011000011010100000000000000000000110000110101000000000000000000000000000000000000000000000000000000000000000000000 326 2
00000000000000011000011010100000000000000000000110000110101000000000000000000000000000000000000000000000000000000000000000000000 328 3
00000000000000011000011010100000000000000000000110000110101000000000000000000000000000000000000000000000000000000000000000000000 330 2
00000000000000011000011010100000000000000000000110000110101000000000000000000000000000000000000000000000000000000000000000000000 332 1
00000000000000000000000000000000000000000000000110000110101000000000000000000001100001101010000000000000000000011000011010100000 334 2
00000000000000011000011010100000000000000000000000000000000000000000000000000000000000000000000000000000000000000000000000000000 334 4
00000000000000000000000000000000000000000000000000000000000000000000000000000001100001101010000000000000000000011000011010100000 336 1
00000000000000000000000000000000000000000000000000000000000000000000000000000001100001101010000000000000000000011000011010100000 338 1
00000000000000000000000000000000000000000000000000000000000000000000000000000001100001101010000000000000000000011000011010100000 340 0
00000000000000000000000000000000000000000000000000000000000000000000000000000001100001101010000000000000000000011000011010100000 342 0
00000000000000000000000000000000000000000000000000000000000000000000000000000001100001101010000000000000000000011000011010100000 344 0
00000000000000000000000000000000000000000000000000000000000000000000000000000001100001101010000000000000000000011000011010100000 346 3
00000000000000000000000000000000000000000000000000000000000000000000000000000001100001101010000000000000000000011000011010100000 348 3
00000000000000000000000000000000000000000000000000000000000000000000000000000001100001101010000000000000000000011000011010100000 350 6
00000000000000000000000000000000000000000000000000000000000000000000000000000001100001101010000000000000000000011000011010100000 352 6
00000000000000000000000000000000000000000000000000000000000000000000000000000001100001101010000000000000000000011000011010100000 354 5
00000000000000000000000000000000000000000000000000000000000000000000000000000001100001101010000000000000000000011000011010100000 356 6
00000000000000000000000000000000000000000000000000000000000000000000000000000001100001101010000000000000000000011000011010100000 358 5
00000000000000000000000000000000000000000000000000000000000000000000000000000001100001101010000000000000000000011000011010100000 360 5
00000000000000000000000000000000000000000000000000000000000000000000000000000001100001101010000000000000000000011000011010100000 362 8
00000000000000000000000000000000000000000000000000000000000000000000000000000001100001101010000000000000000000011000011010100000 364 7
00000000000000000000000000000000000000000000000000000000000000000000000000000001100001101010000000000000000000011000011010100000 366 7
00000000000000000000000000000000000000000000000000000000000000000000000000000001100001101010000000000000000000011000011010100000 368 6
00000000000000000000000000000000000000000000000000000000000000000000000000000001100001101010000000000000000000011000011010100000 370 8
00000000000000011000011010100000000000000000000110000110101000000000000000000000000000000000000000000000000000000000000000000000 372 7
00000000000000011000011010100000000000000000000110000110101000000000000000000000000000000000000000000000000000000000000000000000 374 8
00000000000000011000011010100000000000000000000110000110101000000000000000000000000000000000000000000000000000000000000000000000 376 7
00000000000000011000011010100000000000000000000110000110101000000000000000000000000000000000000000000000000000000000000000000000 378 7
00000000000000011000011010100000000000000000000110000110101000000000000000000000000000000000000000000000000000000000000000000000 380 6
00000000000000011000011010100000000000000000000110000110101000000000000000000000000000000000000000000000000000000000000000000000 382 6
00000000000000011000011010100000000000000000000110000110101000000000000000000000000000000000000000000000000000000000000000000000 384 5
00000000000000011000011010100000000000000000000110000110101000000000000000000000000000000000000000000000000000000000000000000000 386 5
00000000000000011000011010100000000000000000000110000110101000000000000000000000000000000000000000000000000000000000000000000000 388 5
00000000000000011000011010100000000000000000000110000110101000000000000000000000000000000000000000000000000000000000000000000000 390 4
00000000000000011000011010100000000000000000000110000110101000000000000000000000000000000000000000000000000000000000000000000000 392 4
00000000000000011000011010100000000000000000000110000110101000000000000000000000000000000000000000000000000000000000000000000000 394 4
00000000000000011000011010100000000000000000000110000110101000000000000000000000000000000000000000000000000000000000000000000000 396 3
00000000000000011000011010100000000000000000000110000110101000000000000000000000000000000000000000000000000000000000000000000000 398 3
00000000000000011000011010100000000000000000000110000110101000000000000000000000000000000000000000000000000000000000000000000000 400 3
00000000000000011000011010100000000000000000000110000110101000000000000000000000000000000000000000000000000000000000000000000000 402 2
00000000000000011000011010100000000000000000000110000110101000000000000000000000000000000000000000000000000000000000000000000000 404 2
00000000000000011000011010100000000000000000000110000110101000000000000000000000000000000000000000000000000000000000000000000000 406 1
00000000000000011000011010100000000000000000000110000110101000000000000000000000000000000000000000000000000000000000000000000000 408 2
00000000000000011000011010100000000000000000000110000110101000000000000000000000000000000000000000000000000000000000000000000000 410 1
00000000000000011000011010100000000000000000000110000110101000000000000000000000000000000000000000000000000000000000000000000000 412 1
00000000000000000000000000000000000000000000000000000000000000000000000000000001100001101010000000000000000000011000011010100000 412 7
00000000000000000000000000000000000000000000000000000000000000000000000000000001100001101010000000000000000000011000011010100000 414 7
00000000000000000000000000000000000000000000000000000000000000000000000000000001100001101010000000000000000000011000011010100000 416 7
00000000000000000000000000000000000000000000000000000000000000000000000000000001100001101010000000000000000000011000011010100000 418 6
00000000000000000000000000000000000000000000000000000000000000000000000000000001100001101010000000000000000000011000011010100000 420 6
00000000000000000000000000000000000000000000000000000000000000000000000000000001100001101010000000000000000000011000011010100000 422 6
00000000000000000000000000000000000000000000000000000000000000000000000000000001100001101010000000000000000000011000011010100000 424 5
00000000000000000000000000000000000000000000000000000000000000000000000000000001100001101010000000000000000000011000011010100000 426 5
00000000000000000000000000000000000000000000000000000000000000000000000000000001100001101010000000000000000000011000011010100000 428 5
00000000000000000000000000000000000000000000000000000000000000000000000000000001100001101010000000000000000000011000011010100000 430 4
00000000000000000000000000000000000000000000000000000000000000000000000000000001100001101010000000000000000000011000011010100000 432 4
00000000000000000000000000000000000000000000000000000000000000000000000000000001100001101010000000000000000000011000011010100000 434 4
00000000000000000000000000000000000000000000000000000000000000000000000000000001100001101010000000000000000000011000011010100000 436 3
00000000000000000000000000000000000000000000000000000000000000000000000000000001100001101010000000000000000000011000011010100000 438 3
00000000000000000000000000000000000000000000000000000000000000000000000000000001100001101010000000000000000000011000011010100000 440 3
00000000000000000000000000000000000000000000000000000000000000000000000000000001100001101010000000000000000000011000011010100000 442 2
00000000000000000000000000000000000000000000000000000000000000000000000000000001100001101010000000000000000000011000011010100000 444 2
00000000000000000000000000000000000000000000000000000000000000000000000000000001100001101010000000000000000000011000011010100000 446 2
00000000000000000000000000000000000000000000000000000000000000000000000000000001100001101010000000000000000000011000011010100000 448 6
00000000000000000000000000000000000000000000000000000000000000000000000000000001100001101010000000000000000000011000011010100000 450 6
00000000000000000000000000000000000000000000000000000000000000000000000000000001100001101010000000000000000000011000011010100000 452 6
00000000000000000000000000000000000000000000000000000000000000000000000000000001100001101010000000000000000000011000011010100000 454 8
00000000000000000000000000000000000000000000000000000000000000000000000000000001100001101010000000000000000000011000011010100000 456 8
00000000000000000000000000000000000000000000000000000000000000000000000000000001100001101010000000000000000000011000011010100000 458 8
00000000000000000000000000000000000000000000000000000000000000000000000000000001100001101010000000000000000000011000011010100000 460 7
00000000000000000000000000000000000000000000000000000000000000000000000000000001100001101010000000000000000000011000011010100000 462 7
00000000000000000000000000000000000000000000000000000000000000000000000000000001100001101010000000000000000000011000011010100000 464 7
