56 50
00000000000000000001001110001000000000000000000000010011100010000000000000000000000000000000000000000000000000000000000000000000 0 0
00000000000000000000000000000000100000000000000000001001110001000000000000000000000000000000000000000000000000000000000000000000 2 0
00000000000000000000100111000100000000000000000000010011100010000000000000000000000000000000000000000000000000000000000000000000 4 1
00000000000000000001001110001000000000000000000000010011100010000000000000000000000000000000000000000000000000000000000000000000 6 1
00000000000000000001001110001000000000000000000000010011100010000000000000000000000000000000000000000000000000000000000000000000 8 1
00000000000000000000000000000000000000000000000000010011100010000000000000000000000000000000000000000000000000000000000000000000 10 0
00000000000000000000000000000000100000000000000000000100111000010000000000000000000000000000000000000000000000000000000000000000 12 0
00000000000000000000000000000000000000000000000000000100111000010000000000000000000000000000000000000000000000000000000000000000 14 0
00000000000000000001001110001000000000000000000000010011100010000000000000000000000000000000000000000000000000000000000000000000 14 2
00000000000000000000000000000000000000000000000000000000000000000000000000000000000000000000000010000000000000000000100111000100 16 0
00000000000000000000000000000000000000000000000000000000000000000000000000000000000000000000000000000000000000000001001110001000 18 0
00000000000000000000000000000000000000000000000000000000000000000000000000000000000100111000100000000000000000000001001110001000 20 0
00000000000000000000000000000000000000000000000000000000000000000000000000000000000100111000100000000000000000000001001110001000 22 0
00000000000000000000000000000000000000000000000000000000000000000000000000000000000000000000000000000000000000000001001110001000 24 0
00000000000000000000000000000000000000000000000000000000000000000000000000000000000100111000100000000000000000000001001110001000 24 2
00000000000000000000000000000000000000000000000000000000000000000000000000000000000100111000100000000000000000000001001110001000 26 2
00000000000000000000000000000000000000000000000000000000000000000000000000000000000100111000100000000000000000000000000000000000 28 2
00000000000000000000000000000000000000000000000000000000000000001000000000000000000000100111000100000000000000000000000000000000 30 2
00000000000000000000000000000000000000000000000000000000000000000000000000000000000000100111000100000000000000000001001110001000 32 2
00000000000000000000000000000000000000000000000000000000000000000000000000000000000100111000100000000000000000000000000000000000 32 4
10000000000000000000010011100001000000000000000000000000000000000000000000000000000000000000000000000000000000000000000000000000 36 2
00000000000000000000010011100001000000000000000000000000000000000000000000000000000000000000000000000000000000000000000000000000 38 2
00000000000000000001001110001000000000000000000000010011100010000000000000000000000000000000000000000000000000000000000000000000 40 1
00000000000000000001001110001000000000000000000000010011100010000000000000000000000000000000000000000000000000000000000000000000 42 1
00000000000000000000000000000000000000000000000000010011100010000000000000000000000000000000000000000000000000000000000000000000 44 0
00000000000000000000000000000000100000000000000000001001110001000000000000000000000000000000000000000000000000000000000000000000 46 0
00000000000000000000000000000000000000000000000000001001110001000000000000000000000000000000000000000000000000000000000000000000 48 0
00000000000000000001001110001000000000000000000000010011100010000000000000000000000000000000000000000000000000000000000000000000 48 2
00000000000000000001001110001000000000000000000000000000000000000000000000000000000000000000000000000000000000000000000000000000 48 4
00000000000000000001001110001000000000000000000000010011100010000000000000000000000000000000000000000000000000000000000000000000 50 3
00000000000000000000000000000000000000000000000000010011100010000000000000000000000000000000000000000000000000000000000000000000 52 2
00000000000000000000000000000000100000000000000000000001001110000000000000000000000000000000000000000000000000000000000000000000 54 2
00000000000000000000000100111000000000000000000000010011100010000000000000000000000000000000000000000000000000000000000000000000 56 3
00000000000000000000000000000000100000000000000000000010011100010000000000000000000000000000000000000000000000000000000000000000 58 2
00000000000000000000000000000000000000000000000000000010011100010000000000000000000000000000000000000000000000000000000000000000 60 2
00000000000000000001001110001000000000000000000000010011100010000000000000000000000000000000000000000000000000000000000000000000 62 2
00000000000000000001001110001000000000000000000000010011100010000000000000000000000000000000000000000000000000000000000000000000 64 2
00000000000000000001001110001000000000000000000000000000000000000000000000000000000000000000000000000000000000000000000000000000 66 2
00000000000000000001001110001000000000000000000000010011100010000000000000000000000000000000000000000000000000000000000000000000 68 1
00000000000000000001001110001000000000000000000000010011100010000000000000000000000000000000000000000000000000000000000000000000 70 1
00000000000000000000000000000000000000000000000000010011100010000000000000000000000000000000000000000000000000000000000000000000 72 0
00000000000000000000000000000000100000000000000000000100111000010000000000000000000000000000000000000000000000000000000000000000 74 0
00000000000000000000010011100001000000000000000000010011100010000000000000000000000000000000000000000000000000000000000000000000 76 1
00000000000000000000000000000000100000000000000000001001110001000000000000000000000000000000000000000000000000000000000000000000 78 0
00000000000000000000000000000000000000000000000000001001110001000000000000000000000000000000000000000000000000000000000000000000 80 0
00000000000000000001001110001000000000000000000000010011100010000000000000000000000000000000000000000000000000000000000000000000 80 2
00000000000000000001001110001000000000000000000000010011100010000000000000000000000000000000000000000000000000000000000000000000 82 2
00000000000000000001001110001000000000000000000000000000000000000000000000000000000000000000000000000000000000000000000000000000 84 2
00000000000000000000000000000000000000000000000000010011100010000000000000000000000000000000000000000000000000000000000000000000 86 0
00000000000000000001001110001000000000000000000000010011100010000000000000000000000000000000000000000000000000000000000000000000 86 3
00000000000000000000000000000000000000000000000000000000000000000000000000000000000100111000100000000000000000000000000000000000 88 2
00000000000000000000000000000000000000000000000000000000000000000000000000000000000100111000100000000000000000000001001110001000 90 1
00000000000000000000000000000000000000000000000000000000000000000000000000000000000100111000100000000000000000000001001110001000 92 2
00000000000000000000000000000000000000000000000000000000000000000000000000000000000100111000100000000000000000000000000000000000 92 4
00000000000000000000000000000000000000000000000000000000000000000000000000000000000100111000100000000000000000000001001110001000 94 3
00000000000000000000000000000000000000000000000000000000000000000000000000000000000100111000100000000000000000000000000000000000 96 4
00000000000000000000000000000000000000000000000000000000000000000000000000000001100001101010000000000000000000011000011010100000 0 0
00000000000000000000000000000000000000000000000000000000000000000000000000000001100001101010000000000000000000011000011010100000 2 0
00000000000000000000000000000000000000000000000000000000000000000000000000000001100001101010000000000000000000011000011010100000 4 1
00000000000000000000000000000000000000000000000000000000000000000000000000000001100001101010000000000000000000011000011010100000 6 1
00000000000000000000000000000000000000000000000000000000000000000000000000000001100001101010000000000000000000011000011010100000 8 1
00000000000000000000000000000000000000000000000000000000000000000000000000000001100001101010000000000000000000011000011010100000 10 0
00000000000000000000000000000000000000000000000000000000000000000000000000000001100001101010000000000000000000011000011010100000 12 0
00000000000000000000000000000000000000000000000000000000000000000000000000000001100001101010000000000000000000011000011010100000 14 2
00000000000000011000011010100000000000000000000110000110101000000000000000000000000000000000000000000000000000000000000000000000 16 1
00000000000000011000011010100000000000000000000110000110101000000000000000000000000000000000000000000000000000000000000000000000 18 1
00000000000000011000011010100000000000000000000110000110101000000000000000000000000000000000000000000000000000000000000000000000 20 0
00000000000000011000011010100000000000000000000110000110101000000000000000000000000000000000000000000000000000000000000000000000 22 0
00000000000000011000011010100000000000000000000110000110101000000000000000000000000000000000000000000000000000000000000000000000 24 0
00000000000000011000011010100000000000000000000110000110101000000000000000000000000000000000000000000000000000000000000000000000 26 2
00000000000000011000011010100000000000000000000110000110101000000000000000000000000000000000000000000000000000000000000000000000 28 2
00000000000000011000011010100000000000000000000110000110101000000000000000000000000000000000000000000000000000000000000000000000 30 1
00000000000000011000011010100000000000000000000110000110101000000000000000000000000000000000000000000000000000000000000000000000 32 1
00000000000000000000000000000000000000000000000110000110101000000000000000000001100001101010000000000000000000011000011010100000 34 2
00000000000000011000011010100000000000000000000000000000000000000000000000000000000000000000000000000000000000000000000000000000 34 4
00000000000000000000000000000000000000000000000000000000000000000000000000000001100001101010000000000000000000011000011010100000 36 2
00000000000000000000000000000000000000000000000000000000000000000000000000000001100001101010000000000000000000011000011010100000 38 1
00000000000000000000000000000000000000000000000000000000000000000000000000000001100001101010000000000000000000011000011010100000 40 1
00000000000000000000000000000000000000000000000000000000000000000000000000000001100001101010000000000000000000011000011010100000 42 1
00000000000000000000000000000000000000000000000000000000000000000000000000000001100001101010000000000000000000011000011010100000 44 0
00000000000000000000000000000000000000000000000000000000000000000000000000000001100001101010000000000000000000011000011010100000 46 0
00000000000000000000000000000000000000000000000000000000000000000000000000000001100001101010000000000000000000011000011010100000 48 3
00000000000000000000000000000000000000000000000000000000000000000000000000000001100001101010000000000000000000011000011010100000 50 3
00000000000000000000000000000000000000000000000000000000000000000000000000000001100001101010000000000000000000011000011010100000 52 2
00000000000000000000000000000000000000000000000000000000000000000000000000000001100001101010000000000000000000011000011010100000 54 2
00000000000000000000000000000000000000000000000000000000000000000000000000000001100001101010000000000000000000011000011010100000 56 3
00000000000000000000000000000000000000000000000000000000000000000000000000000001100001101010000000000000000000011000011010100000 58 3
00000000000000000000000000000000000000000000000000000000000000000000000000000001100001101010000000000000000000011000011010100000 60 2
00000000000000000000000000000000000000000000000000000000000000000000000000000001100001101010000000000000000000011000011010100000 62 2
00000000000000000000000000000000000000000000000000000000000000000000000000000001100001101010000000000000000000011000011010100000 64 2
00000000000000000000000000000000000000000000000000000000000000000000000000000001100001101010000000000000000000011000011010100000 66 1
00000000000000000000000000000000000000000000000000000000000000000000000000000001100001101010000000000000000000011000011010100000 68 1
00000000000000000000000000000000000000000000000000000000000000000000000000000001100001101010000000000000000000011000011010100000 70 1
00000000000000000000000000000000000000000000000000000000000000000000000000000001100001101010000000000000000000011000011010100000 72 0
00000000000000000000000000000000000000000000000000000000000000000000000000000001100001101010000000000000000000011000011010100000 74 0
00000000000000000000000000000000000000000000000000000000000000000000000000000001100001101010000000000000000000011000011010100000 76 1
00000000000000000000000000000000000000000000000000000000000000000000000000000001100001101010000000000000000000011000011010100000 78 1
00000000000000000000000000000000000000000000000000000000000000000000000000000001100001101010000000000000000000011000011010100000 80 2
00000000000000000000000000000000000000000000000000000000000000000000000000000001100001101010000000000000000000011000011010100000 82 2
00000000000000000000000000000000000000000000000000000000000000000000000000000001100001101010000000000000000000011000011010100000 84 1
00000000000000000000000000000000000000000000000000000000000000000000000000000001100001101010000000000000000000011000011010100000 86 3
00000000000000011000011010100000000000000000000110000110101000000000000000000000000000000000000000000000000000000000000000000000 88 2
00000000000000011000011010100000000000000000000110000110101000000000000000000000000000000000000000000000000000000000000000000000 90 1
00000000000000011000011010100000000000000000000110000110101000000000000000000000000000000000000000000000000000000000000000000000 92 1
00000000000000011000011010100000000000000000000110000110101000000000000000000000000000000000000000000000000000000000000000000000 94 3
00000000000000011000011010100000000000000000000110000110101000000000000000000000000000000000000000000000000000000000000000000000 96 3
