129 115
10000000000000000000010011100001000000000000000000000000000000000000000000000000000000000000000000000000000000000000000000000000 0 0
00000000000000000001001110001000000000000000000000010011100010000000000000000000000000000000000000000000000000000000000000000000 0 2
00000000000000000001001110001000000000000000000000000000000000000000000000000000000000000000000000000000000000000000000000000000 0 4
00000000000000000000000000000000100000000000000000000100111000100000000000000000000000000000000000000000000000000000000000000000 2 2
00000000000000000000000000000000000000000000000000010011100010000000000000000000000000000000000000000000000000000000000000000000 4 2
10000000000000000000100111000100000000000000000000000000000000000000000000000000000000000000000000000000000000000000000000000000 6 2
10000000000000000000010011100010000000000000000000000000000000000000000000000000000000000000000000000000000000000000000000000000 6 4
00000000000000000000000000000000000000000000000000000000000000000000000000000000000100111000100000000000000000000000000000000000 8 2
00000000000000000000000000000000000000000000000000000000000000000000000000000000000000000000000010000000000000000000100111000100 10 0
00000000000000000000000000000000000000000000000000000000000000000000000000000000000000000000000000000000000000000001001110001000 12 0
00000000000000000000000000000000000000000000000000000000000000001000000000000000000010011100010000000000000000000000000000000000 14 0
00000000000000000000000000000000000000000000000000000000000000000000000000000000000010011100001100000000000000000000100111000100 16 0
00000000000000000000000000000000000000000000000000000000000000001000000000000000000010011100010000000000000000000001001110001000 16 2
00000000000000000000000000000000000000000000000000000000000000000000000000000000000100111000100010000000000000000001001110001000 18 2
00000000000000000000000000000000000000000000000000000000000000000000000000000000000100111000100000000000000000000001001110001000 20 2
00000000000000000000000000000000000000000000000000000000000000000000000000000000000100111000100000000000000000000000000000000000 22 2
00000000000000000000000000000000000000000000000000000000000000000000000000000000000100111000100010000000000000000001001110001000 24 1
00000000000000000000000000000000000000000000000000000000000000000000000000000000000100111000100000000000000000000001001110001000 26 1
00000000000000000000000000000000000000000000000000000000000000000000000000000000000000000000000000000000000000000001001110001000 28 0
00000000000000000000000000000000000000000000000000000000000000000000000000000000000100111000100000000000000000000001001110001000 30 0
00000000000000000000000000000000000000000000000000000000000000001000000000000000000100111000100000000000000000000001001110001000 32 0
00000000000000000000000000000000000000000000000000000000000000000000000000000000000100111000100010000000000000000001001110001000 34 0
00000000000000000000000000000000000000000000000000000000000000000000000000000000000100111000100000000000000000000001001110001000 34 2
00000000000000000000000000000000000000000000000000000000000000001000000000000000000100111000100000000000000000000000000000000000 34 4
00000000000000000000000000000000000000000000000000000000000000000000000000000000000100111000100000000000000000000001001110001000 36 3
00000000000000000000000000000000000000000000000000000000000000001000000000000000000100111000100000000000000000000001001110001000 38 3
00000000000000000000000000000000000000000000000000000000000000000000000000000000000000000000000000000000000000000001001110001000 40 2
00000000000000000000000000000000000000000000000000000000000000000000000000000000000100111000100000000000000000000001001110001000 42 2
00000000000000000000000000000000000000000000000000000000000000000000000000000000000100111000100000000000000000000001001110001000 44 2
00000000000000000001001110001000000000000000000000000000000000000000000000000000000000000000000000000000000000000000000000000000 48 2
00000000000000000001001110001000000000000000000000010011100010000000000000000000000000000000000000000000000000000000000000000000 50 1
00000000000000000000000000000000000000000000000000010011100010000000000000000000000000000000000000000000000000000000000000000000 52 0
00000000000000000001001110001000000000000000000000000000000000000000000000000000000000000000000000000000000000000000000000000000 54 0
00000000000000000001001110001000000000000000000000000000000000000000000000000000000000000000000000000000000000000000000000000000 54 2
00000000000000000000000000000000000000000000000000010011100010000000000000000000000000000000000000000000000000000000000000000000 56 0
00000000000000000001001110001000000000000000000000010011100010000000000000000000000000000000000000000000000000000000000000000000 56 2
00000000000000000001001110001000000000000000000000000000000000000000000000000000000000000000000000000000000000000000000000000000 56 4
00000000000000000000000000000000000000000000000000010011100010000000000000000000000000000000000000000000000000000000000000000000 58 2
00000000000000000001001110001000000000000000000000010011100010000000000000000000000000000000000000000000000000000000000000000000 60 2
00000000000000000001001110001000000000000000000000000000000000000000000000000000000000000000000000000000000000000000000000000000 62 2
00000000000000000000000000000000000000000000000000010011100010000000000000000000000000000000000000000000000000000000000000000000 64 0
00000000000000000000000000000000000000000000000000010011100010000000000000000000000000000000000000000000000000000000000000000000 64 2
00000000000000000001001110001000000000000000000000000000000000000000000000000000000000000000000000000000000000000000000000000000 66 2
00000000000000000001001110001000000000000000000000010011100010000000000000000000000000000000000000000000000000000000000000000000 68 1
00000000000000000000000000000000000000000000000000010011100010000000000000000000000000000000000000000000000000000000000000000000 70 0
00000000000000000001001110001000100000000000000000010011100010000000000000000000000000000000000000000000000000000000000000000000 72 0
00000000000000000001001110001000000000000000000000010011100010000000000000000000000000000000000000000000000000000000000000000000 74 0
10000000000000000001001110001000000000000000000000010011100010000000000000000000000000000000000000000000000000000000000000000000 76 0
00000000000000000001001110001000000000000000000000010011100010000000000000000000000000000000000000000000000000000000000000000000 76 2
00000000000000000001001110001000000000000000000000000000000000000000000000000000000000000000000000000000000000000000000000000000 78 4
00000000000000000001001110001000000000000000000000010011100010000000000000000000000000000000000000000000000000000000000000000000 80 3
00000000000000000000000000000000000000000000000000010011100010000000000000000000000000000000000000000000000000000000000000000000 82 2
10000000000000000001001110001000000000000000000000000000000000000000000000000000000000000000000000000000000000000000000000000000 84 2
00000000000000000001001110001000000000000000000000000000000000000000000000000000000000000000000000000000000000000000000000000000 84 4
00000000000000000000000000000000000000000000000000010011100010000000000000000000000000000000000000000000000000000000000000000000 86 2
00000000000000000001001110001000000000000000000000010011100010000000000000000000000000000000000000000000000000000000000000000000 88 2
00000000000000000001001110001000000000000000000000000000000000000000000000000000000000000000000000000000000000000000000000000000 88 4
00000000000000000000000000000000000000000000000000000000000000000000000000000000000100111000100000000000000000000000000000000000 90 2
00000000000000000000000000000000000000000000000000000000000000001000000000000000000100111000100000000000000000000001001110001000 92 1
00000000000000000000000000000000000000000000000000000000000000000000000000000000000000000000000000000000000000000001001110001000 94 0
00000000000000000000000000000000000000000000000000000000000000000000000000000000000100111000100000000000000000000001001110001000 94 2
00000000000000000000000000000000000000000000000000010011100010000000000000000000000000000000000000000000000000000000000000000000 98 0
00000000000000000000000000000000000000000000000000000000000000000000000000000000000100111000100000000000000000000001001110001000 98 2
00000000000000000000000000000000000000000000000000000000000000000000000000000000000100111000100000000000000000000001001110001000 100 2
00000000000000000000000000000000000000000000000000000000000000000000000000000000000000000000000000000000000000000001001110001000 102 2
00000000000000000000000000000000000000000000000000000000000000000000000000000000000000000000000000000000000000000001001110001000 104 2
00000000000000000000000000000000000000000000000000000000000000000000000000000000000100111000100000000000000000000000000000000000 106 2
00000000000000000000000000000000000000000000000000000000000000000000000000000000000100111000100000000000000000000001001110001000 108 1
00000000000000000000000000000000000000000000000000000000000000000000000000000000000100111000100000000000000000000001001110001000 110 1
00000000000000000000000000000000000000000000000000000000000000000000000000000000000100111000100000000000000000000001001110001000 112 2
00000000000000000000000000000000000000000000000000000000000000000000000000000000000100111000100000000000000000000001001110001000 114 3
00000000000000000000000000000000000000000000000000000000000000000000000000000000000100111000100010000000000000000001001110001000 116 3
00000000000000000000000000000000000000000000000000000000000000000000000000000000000000000000000000000000000000000001001110001000 118 2
00000000000000000000000000000000000000000000000000000000000000000000000000000000000100111000100000000000000000000000000000000000 120 2
00000000000000000000000000000000000000000000000000000000000000000000000000000000000000000000000000000000000000000001001110001000 122 0
00000000000000000000000000000000000000000000000000000000000000000000000000000000000100111000100000000000000000000001001110001000 124 0
00000000000000000000000000000000000000000000000000000000000000001000000000000000000100111000100000000000000000000001001110001000 126 0
00000000000000000000000000000000000000000000000000000000000000001000000000000000000010011100010000000000000000000001001110001000 128 1
00000000000000000000000000000000000000000000000000000000000000000000000000000000000100111000100000000000000000000001001110001000 130 2
00000000000000000000000000000000000000000000000000000000000000000000000000000000000100111000100000000000000000000001001110001000 132 2
00000000000000000001001110001000000000000000000000000000000000000000000000000000000000000000000000000000000000000000000000000000 136 2
00000000000000000001001110001000100000000000000000010011100010000000000000000000000000000000000000000000000000000000000000000000 138 1
00000000000000000000000000000000000000000000000000010011100010000000000000000000000000000000000000000000000000000000000000000000 140 0
00000000000000000001001110001000000000000000000000010011100010000000000000000000000000000000000000000000000000000000000000000000 140 2
00000000000000000000000000000000000000000000000000000000000000000000000000000000000000000000000000000000000000000001001110001000 142 0
00000000000000000000000000000000000000000000000000000000000000001000000000000000000010011100010000000000000000000000000000000000 144 0
00000000000000000000000000000000000000000000000000000000000000000000000000000000000100111000100010000000000000000001001110001000 144 2
00000000000000000000000000000000000000000000000000000000000000000000000000000000000100111000100000000000000000000001001110001000 146 2
00000000000000000000000000000000000000000000000000000000000000000000000000000000000100111000100000000000000000000000000000000000 148 2
00000000000000000000000000000000000000000000000000000000000000000000000000000000000100111000100010000000000000000001001110001000 150 1
00000000000000000000000000000000000000000000000000000000000000000000000000000000000100111000100000000000000000000001001110001000 152 1
00000000000000000000000000000000000000000000000000000000000000000000000000000000000000000000000000000000000000000001001110001000 154 0
00000000000000000000000000000000000000000000000000000000000000001000000000000000000100111000100000000000000000000001001110001000 156 0
00000000000000000000000000000000000000000000000000000000000000000000000000000000000100111000100000000000000000000001001110001000 158 0
00000000000000000000000000000000000000000000000000000000000000001000000000000000000100111000100000000000000000000001001110001000 160 0
00000000000000000000000000000000000000000000000000000000000000000000000000000000000100111000100000000000000000000001001110001000 160 2
00000000000000000000000000000000000000000000000000000000000000000000000000000000000100111000100000000000000000000000000000000000 160 4
00000000000000000000000000000000000000000000000000000000000000000000000000000000000100111000100000000000000000000001001110001000 162 3
00000000000000000000000000000000000000000000000000000000000000001000000000000000000100111000100000000000000000000001001110001000 164 3
00000000000000000000000000000000000000000000000000000000000000000000000000000000000000000000000000000000000000000001001110001000 166 2
00000000000000000000000000000000000000000000000000000000000000000000000000000000000100111000100000000000000000000001001110001000 168 2
00000000000000000000000000000000000000000000000000000000000000001000000000000000000100111000100000000000000000000001001110001000 170 2
00000000000000000001001110001000000000000000000000010011100010000000000000000000000000000000000000000000000000000000000000000000 174 1
00000000000000000001001110001000000000000000000000010011100010000000000000000000000000000000000000000000000000000000000000000000 176 1
00000000000000000000000000000000000000000000000000010011100010000000000000000000000000000000000000000000000000000000000000000000 178 0
00000000000000000001001110001000000000000000000000010011100010000000000000000000000000000000000000000000000000000000000000000000 180 0
00000000000000000001001110001000000000000000000000010011100010000000000000000000000000000000000000000000000000000000000000000000 180 2
00000000000000000001001110001000000000000000000000000000000000000000000000000000000000000000000000000000000000000000000000000000 180 4
00000000000000000000000000000000000000000000000000010011100010000000000000000000000000000000000000000000000000000000000000000000 182 2
10000000000000000001001110001000000000000000000000010011100010000000000000000000000000000000000000000000000000000000000000000000 184 2
00000000000000000001001110001000000000000000000000010011100010000000000000000000000000000000000000000000000000000000000000000000 186 2
00000000000000000001001110001000000000000000000000000000000000000000000000000000000000000000000000000000000000000000000000000000 188 2
00000000000000000001001110001000100000000000000000010011100010000000000000000000000000000000000000000000000000000000000000000000 190 1
00000000000000000001001110001000000000000000000000010011100010000000000000000000000000000000000000000000000000000000000000000000 192 1
00000000000000000000000000000000000000000000000000010011100010000000000000000000000000000000000000000000000000000000000000000000 194 0
00000000000000000001001110001000100000000000000000010011100010000000000000000000000000000000000000000000000000000000000000000000 196 0
00000000000000000001001110001000100000000000000000010011100010000000000000000000000000000000000000000000000000000000000000000000 198 0
10000000000000000001001110001000000000000000000000000000000000000000000000000000000000000000000000000000000000000000000000000000 200 0
00000000000000000001001110001000000000000000000000010011100010000000000000000000000000000000000000000000000000000000000000000000 200 2
00000000000000000001001110001000000000000000000000010011100010000000000000000000000000000000000000000000000000000000000000000000 202 3
00000000000000000001001110001000000000000000000000010011100010000000000000000000000000000000000000000000000000000000000000000000 204 3
00000000000000000000000000000000000000000000000000010011100010000000000000000000000000000000000000000000000000000000000000000000 206 2
10000000000000000001001110001000000000000000000000010011100010000000000000000000000000000000000000000000000000000000000000000000 208 2
00000000000000000001001110001000000000000000000000010011100010000000000000000000000000000000000000000000000000000000000000000000 210 2
00000000000000000001001110001000000000000000000000000000000000000000000000000000000000000000000000000000000000000000000000000000 212 2
00000000000000000000000000000000000000000000000000010011100010000000000000000000000000000000000000000000000000000000000000000000 214 0
00000000000000000001001110001000000000000000000000010011100010000000000000000000000000000000000000000000000000000000000000000000 216 0
00000000000000000001001110001000000000000000000000010011100010000000000000000000000000000000000000000000000000000000000000000000 218 0
00000000000000000000000000000000000000000000000000010011100010000000000000000000000000000000000000000000000000000000000000000000 220 0
00000000000000000000000000000000000000000000000000000000000000000000000000000001100001101010000000000000000000011000011010100000 0 3
00000000000000000000000000000000000000000000000000000000000000000000000000000001100001101010000000000000000000011000011010100000 2 3
00000000000000000000000000000000000000000000000000000000000000000000000000000001100001101010000000000000000000011000011010100000 4 2
00000000000000000000000000000000000000000000000000000000000000000000000000000001100001101010000000000000000000011000011010100000 6 3
00000000000000011000011010100000000000000000000110000110101000000000000000000000000000000000000000000000000000000000000000000000 8 2
00000000000000011000011010100000000000000000000110000110101000000000000000000000000000000000000000000000000000000000000000000000 10 1
00000000000000011000011010100000000000000000000110000110101000000000000000000000000000000000000000000000000000000000000000000000 12 1
00000000000000011000011010100000000000000000000110000110101000000000000000000000000000000000000000000000000000000000000000000000 14 0
00000000000000011000011010100000000000000000000110000110101000000000000000000000000000000000000000000000000000000000000000000000 16 0
00000000000000011000011010100000000000000000000110000110101000000000000000000000000000000000000000000000000000000000000000000000 18 2
00000000000000011000011010100000000000000000000110000110101000000000000000000000000000000000000000000000000000000000000000000000 20 2
00000000000000011000011010100000000000000000000110000110101000000000000000000000000000000000000000000000000000000000000000000000 22 2
00000000000000011000011010100000000000000000000110000110101000000000000000000000000000000000000000000000000000000000000000000000 24 1
00000000000000011000011010100000000000000000000110000110101000000000000000000000000000000000000000000000000000000000000000000000 26 1
00000000000000011000011010100000000000000000000110000110101000000000000000000000000000000000000000000000000000000000000000000000 28 1
00000000000000011000011010100000000000000000000110000110101000000000000000000000000000000000000000000000000000000000000000000000 30 0
00000000000000011000011010100000000000000000000110000110101000000000000000000000000000000000000000000000000000000000000000000000 32 0
00000000000000011000011010100000000000000000000110000110101000000000000000000000000000000000000000000000000000000000000000000000 34 0
00000000000000011000011010100000000000000000000110000110101000000000000000000000000000000000000000000000000000000000000000000000 36 3
00000000000000011000011010100000000000000000000110000110101000000000000000000000000000000000000000000000000000000000000000000000 38 3
00000000000000011000011010100000000000000000000110000110101000000000000000000000000000000000000000000000000000000000000000000000 40 3
00000000000000011000011010100000000000000000000110000110101000000000000000000000000000000000000000000000000000000000000000000000 42 2
00000000000000011000011010100000000000000000000110000110101000000000000000000000000000000000000000000000000000000000000000000000 44 2
00000000000000000000000000000000000000000000000000000000000000000000000000000000000000000000000000000000000000011000011010100000 46 0
00000000000000011000011010100000000000000000000110000110101000000000000000000001100001101010000000000000000000000000000000000000 46 2
00000000000000000000000000000000000000000000000000000000000000000000000000000001100001101010000000000000000000011000011010100000 48 1
00000000000000000000000000000000000000000000000000000000000000000000000000000001100001101010000000000000000000011000011010100000 50 1
00000000000000000000000000000000000000000000000000000000000000000000000000000001100001101010000000000000000000011000011010100000 52 0
00000000000000000000000000000000000000000000000000000000000000000000000000000001100001101010000000000000000000011000011010100000 54 1
00000000000000000000000000000000000000000000000000000000000000000000000000000001100001101010000000000000000000011000011010100000 56 3
00000000000000000000000000000000000000000000000000000000000000000000000000000001100001101010000000000000000000011000011010100000 58 2
00000000000000000000000000000000000000000000000000000000000000000000000000000001100001101010000000000000000000011000011010100000 60 2
00000000000000000000000000000000000000000000000000000000000000000000000000000001100001101010000000000000000000011000011010100000 62 1
00000000000000000000000000000000000000000000000000000000000000000000000000000001100001101010000000000000000000011000011010100000 64 2
00000000000000000000000000000000000000000000000000000000000000000000000000000001100001101010000000000000000000011000011010100000 66 1
00000000000000000000000000000000000000000000000000000000000000000000000000000001100001101010000000000000000000011000011010100000 68 1
00000000000000000000000000000000000000000000000000000000000000000000000000000001100001101010000000000000000000011000011010100000 70 0
00000000000000000000000000000000000000000000000000000000000000000000000000000001100001101010000000000000000000011000011010100000 72 0
00000000000000000000000000000000000000000000000000000000000000000000000000000001100001101010000000000000000000011000011010100000 74 0
00000000000000000000000000000000000000000000000000000000000000000000000000000001100001101010000000000000000000011000011010100000 76 3
00000000000000000000000000000000000000000000000000000000000000000000000000000001100001101010000000000000000000011000011010100000 78 3
00000000000000000000000000000000000000000000000000000000000000000000000000000001100001101010000000000000000000011000011010100000 80 3
00000000000000000000000000000000000000000000000000000000000000000000000000000001100001101010000000000000000000011000011010100000 82 2
00000000000000000000000000000000000000000000000000000000000000000000000000000001100001101010000000000000000000011000011010100000 84 3
00000000000000000000000000000000000000000000000000000000000000000000000000000001100001101010000000000000000000011000011010100000 86 2
00000000000000000000000000000000000000000000000000000000000000000000000000000001100001101010000000000000000000011000011010100000 88 3
00000000000000011000011010100000000000000000000110000110101000000000000000000000000000000000000000000000000000000000000000000000 90 2
00000000000000011000011010100000000000000000000110000110101000000000000000000000000000000000000000000000000000000000000000000000 92 1
00000000000000011000011010100000000000000000000110000110101000000000000000000000000000000000000000000000000000000000000000000000 94 1
00000000000000000000000000000000000000000000000000000000000000000000000000000000000000000000000000000000000000011000011010100000 96 0
00000000000000011000011010100000000000000000000110000110101000000000000000000001100001101010000000000000000000000000000000000000 96 2
00000000000000000000000000000000000000000000000000000000000000000000000000000001100001101010000000000000000000011000011010100000 98 0
00000000000000011000011010100000000000000000000110000110101000000000000000000000000000000000000000000000000000000000000000000000 100 2
00000000000000011000011010100000000000000000000110000110101000000000000000000000000000000000000000000000000000000000000000000000 102 2
00000000000000011000011010100000000000000000000110000110101000000000000000000000000000000000000000000000000000000000000000000000 104 3
00000000000000011000011010100000000000000000000110000110101000000000000000000000000000000000000000000000000000000000000000000000 106 2
00000000000000011000011010100000000000000000000110000110101000000000000000000000000000000000000000000000000000000000000000000000 108 1
00000000000000011000011010100000000000000000000110000110101000000000000000000000000000000000000000000000000000000000000000000000 110 1
00000000000000011000011010100000000000000000000110000110101000000000000000000000000000000000000000000000000000000000000000000000 112 1
00000000000000011000011010100000000000000000000110000110101000000000000000000000000000000000000000000000000000000000000000000000 114 3
00000000000000011000011010100000000000000000000110000110101000000000000000000000000000000000000000000000000000000000000000000000 116 3
00000000000000011000011010100000000000000000000110000110101000000000000000000000000000000000000000000000000000000000000000000000 118 3
00000000000000011000011010100000000000000000000110000110101000000000000000000000000000000000000000000000000000000000000000000000 120 2
00000000000000011000011010100000000000000000000110000110101000000000000000000000000000000000000000000000000000000000000000000000 122 1
00000000000000011000011010100000000000000000000110000110101000000000000000000000000000000000000000000000000000000000000000000000 124 0
00000000000000011000011010100000000000000000000110000110101000000000000000000000000000000000000000000000000000000000000000000000 126 0
00000000000000011000011010100000000000000000000110000110101000000000000000000000000000000000000000000000000000000000000000000000 128 0
00000000000000011000011010100000000000000000000110000110101000000000000000000000000000000000000000000000000000000000000000000000 130 2
00000000000000011000011010100000000000000000000110000110101000000000000000000000000000000000000000000000000000000000000000000000 132 2
00000000000000000000000000000000000000000000000110000110101000000000000000000001100001101010000000000000000000011000011010100000 134 2
00000000000000011000011010100000000000000000000000000000000000000000000000000000000000000000000000000000000000000000000000000000 134 4
00000000000000000000000000000000000000000000000000000000000000000000000000000001100001101010000000000000000000011000011010100000 136 1
00000000000000000000000000000000000000000000000000000000000000000000000000000001100001101010000000000000000000011000011010100000 138 1
00000000000000000000000000000000000000000000000000000000000000000000000000000001100001101010000000000000000000011000011010100000 140 2
00000000000000011000011010100000000000000000000110000110101000000000000000000000000000000000000000000000000000000000000000000000 142 1
00000000000000011000011010100000000000000000000110000110101000000000000000000000000000000000000000000000000000000000000000000000 144 0
00000000000000011000011010100000000000000000000110000110101000000000000000000000000000000000000000000000000000000000000000000000 146 2
00000000000000011000011010100000000000000000000110000110101000000000000000000000000000000000000000000000000000000000000000000000 148 2
00000000000000011000011010100000000000000000000110000110101000000000000000000000000000000000000000000000000000000000000000000000 150 1
00000000000000011000011010100000000000000000000110000110101000000000000000000000000000000000000000000000000000000000000000000000 152 1
00000000000000011000011010100000000000000000000110000110101000000000000000000000000000000000000000000000000000000000000000000000 154 1
00000000000000011000011010100000000000000000000110000110101000000000000000000000000000000000000000000000000000000000000000000000 156 0
00000000000000011000011010100000000000000000000110000110101000000000000000000000000000000000000000000000000000000000000000000000 158 0
00000000000000011000011010100000000000000000000110000110101000000000000000000000000000000000000000000000000000000000000000000000 160 0
00000000000000011000011010100000000000000000000110000110101000000000000000000000000000000000000000000000000000000000000000000000 162 3
00000000000000011000011010100000000000000000000110000110101000000000000000000000000000000000000000000000000000000000000000000000 164 3
00000000000000011000011010100000000000000000000110000110101000000000000000000000000000000000000000000000000000000000000000000000 166 3
00000000000000011000011010100000000000000000000110000110101000000000000000000000000000000000000000000000000000000000000000000000 168 2
00000000000000011000011010100000000000000000000110000110101000000000000000000000000000000000000000000000000000000000000000000000 170 2
00000000000000000000000000000000000000000000000000000000000000000000000000000000000000000000000000000000000000011000011010100000 172 0
00000000000000011000011010100000000000000000000110000110101000000000000000000001100001101010000000000000000000000000000000000000 172 2
00000000000000000000000000000000000000000000000000000000000000000000000000000001100001101010000000000000000000011000011010100000 174 1
00000000000000000000000000000000000000000000000000000000000000000000000000000001100001101010000000000000000000011000011010100000 176 1
00000000000000000000000000000000000000000000000000000000000000000000000000000001100001101010000000000000000000011000011010100000 178 0
00000000000000000000000000000000000000000000000000000000000000000000000000000001100001101010000000000000000000011000011010100000 180 3
00000000000000000000000000000000000000000000000000000000000000000000000000000001100001101010000000000000000000011000011010100000 182 2
00000000000000000000000000000000000000000000000000000000000000000000000000000001100001101010000000000000000000011000011010100000 184 2
00000000000000000000000000000000000000000000000000000000000000000000000000000001100001101010000000000000000000011000011010100000 186 2
00000000000000000000000000000000000000000000000000000000000000000000000000000001100001101010000000000000000000011000011010100000 188 1
00000000000000000000000000000000000000000000000000000000000000000000000000000001100001101010000000000000000000011000011010100000 190 1
00000000000000000000000000000000000000000000000000000000000000000000000000000001100001101010000000000000000000011000011010100000 192 1
00000000000000000000000000000000000000000000000000000000000000000000000000000001100001101010000000000000000000011000011010100000 194 0
00000000000000000000000000000000000000000000000000000000000000000000000000000001100001101010000000000000000000011000011010100000 196 0
00000000000000000000000000000000000000000000000000000000000000000000000000000001100001101010000000000000000000011000011010100000 198 0
00000000000000000000000000000000000000000000000000000000000000000000000000000001100001101010000000000000000000011000011010100000 200 3
00000000000000000000000000000000000000000000000000000000000000000000000000000001100001101010000000000000000000011000011010100000 202 3
00000000000000000000000000000000000000000000000000000000000000000000000000000001100001101010000000000000000000011000011010100000 204 3
00000000000000000000000000000000000000000000000000000000000000000000000000000001100001101010000000000000000000011000011010100000 206 2
00000000000000000000000000000000000000000000000000000000000000000000000000000001100001101010000000000000000000011000011010100000 208 2
00000000000000000000000000000000000000000000000000000000000000000000000000000001100001101010000000000000000000011000011010100000 210 2
00000000000000000000000000000000000000000000000000000000000000000000000000000001100001101010000000000000000000011000011010100000 212 1
00000000000000000000000000000000000000000000000000000000000000000000000000000001100001101010000000000000000000011000011010100000 214 0
00000000000000000000000000000000000000000000000000000000000000000000000000000001100001101010000000000000000000011000011010100000 216 0
00000000000000000000000000000000000000000000000000000000000000000000000000000001100001101010000000000000000000011000011010100000 218 0
00000000000000000000000000000000000000000000000000000000000000000000000000000001100001101010000000000000000000011000011010100000 220 1
